date,open,high,low,close,adjClose,volume,dateRaw
25-08-2023,17.50,17.70,17.00,17.30,17.30,"99,642","Aug 25, 2023"
24-08-2023,17.75,17.85,17.15,17.20,17.20,"160,104","Aug 24, 2023"
23-08-2023,17.45,17.70,17.05,17.35,17.35,"110,723","Aug 23, 2023"
22-08-2023,17.05,17.50,17.05,17.30,17.30,"155,578","Aug 22, 2023"
21-08-2023,17.10,17.50,16.45,17.00,17.00,"162,254","Aug 21, 2023"
18-08-2023,18.15,18.25,17.20,17.25,17.25,"361,687","Aug 18, 2023"
17-08-2023,18.85,18.90,17.85,18.10,18.10,"345,053","Aug 17, 2023"
16-08-2023,18.65,19.30,18.10,18.60,18.60,"256,204","Aug 16, 2023"
14-08-2023,17.80,19.15,17.10,18.90,18.90,"1,711,975","Aug 14, 2023"
11-08-2023,20.00,20.00,17.10,17.65,17.65,"1,915,516","Aug 11, 2023"
10-08-2023,19.40,21.30,19.05,20.05,20.05,"3,234,796","Aug 10, 2023"
09-08-2023,17.00,20.10,15.60,19.60,19.60,"5,760,169","Aug 09, 2023"
08-08-2023,17.90,17.95,16.35,17.10,17.10,"1,567,211","Aug 08, 2023"
07-08-2023,14.80,17.60,14.80,17.55,17.55,"7,369,134","Aug 07, 2023"
04-08-2023,14.50,14.85,14.30,14.70,14.70,"438,500","Aug 04, 2023"
03-08-2023,14.25,14.60,14.15,14.30,14.30,"210,803","Aug 03, 2023"
02-08-2023,14.25,14.85,13.85,14.10,14.10,"460,151","Aug 02, 2023"
01-08-2023,13.95,14.55,13.95,14.25,14.25,"359,789","Aug 01, 2023"
31-07-2023,14.10,14.10,13.70,13.80,13.80,"219,877","Jul 31, 2023"
28-07-2023,14.20,14.20,13.70,13.85,13.85,"160,203","Jul 28, 2023"
27-07-2023,14.40,14.40,14.00,14.00,14.00,"149,803","Jul 27, 2023"
26-07-2023,14.35,14.45,14.05,14.20,14.20,"199,049","Jul 26, 2023"
25-07-2023,14.55,14.70,14.25,14.40,14.40,"336,496","Jul 25, 2023"
24-07-2023,14.70,14.70,14.40,14.45,14.45,"141,930","Jul 24, 2023"
21-07-2023,14.35,14.65,14.20,14.50,14.50,"217,434","Jul 21, 2023"
20-07-2023,14.30,14.65,14.05,14.30,14.30,"266,399","Jul 20, 2023"
19-07-2023,14.35,14.35,14.10,14.15,14.15,"142,171","Jul 19, 2023"
18-07-2023,14.60,14.65,14.10,14.25,14.25,"248,999","Jul 18, 2023"
17-07-2023,14.50,14.70,14.30,14.45,14.45,"322,511","Jul 17, 2023"
14-07-2023,14.25,14.60,14.10,14.25,14.25,"156,208","Jul 14, 2023"
13-07-2023,14.50,14.60,13.85,14.05,14.05,"405,618","Jul 13, 2023"
12-07-2023,14.55,14.60,14.15,14.35,14.35,"272,064","Jul 12, 2023"
11-07-2023,14.25,14.75,14.20,14.35,14.35,"225,728","Jul 11, 2023"
10-07-2023,14.90,14.90,14.25,14.30,14.30,"208,838","Jul 10, 2023"
07-07-2023,14.90,14.95,14.35,14.60,14.60,"229,379","Jul 07, 2023"
06-07-2023,14.20,15.00,14.20,14.80,14.80,"1,115,408","Jul 06, 2023"
05-07-2023,14.05,14.50,13.75,14.15,14.15,"426,605","Jul 05, 2023"
04-07-2023,13.85,14.35,13.65,13.90,13.90,"431,311","Jul 04, 2023"
03-07-2023,14.00,14.00,13.55,13.80,13.80,"208,502","Jul 03, 2023"
30-06-2023,13.80,13.90,13.55,13.70,13.70,"246,037","Jun 30, 2023"
28-06-2023,13.75,13.75,13.75,13.75,13.75,-,"Jun 28, 2023"
27-06-2023,13.25,14.10,13.15,13.75,13.75,"593,191","Jun 27, 2023"
26-06-2023,13.10,13.35,13.00,13.10,13.10,"129,676","Jun 26, 2023"
23-06-2023,13.40,13.50,12.90,13.05,13.05,"313,352","Jun 23, 2023"
22-06-2023,13.60,13.75,13.20,13.35,13.35,"243,704","Jun 22, 2023"
21-06-2023,13.70,13.70,13.45,13.55,13.55,"194,276","Jun 21, 2023"
20-06-2023,13.80,13.80,13.40,13.55,13.55,"358,105","Jun 20, 2023"
19-06-2023,14.15,14.25,13.65,13.70,13.70,"341,942","Jun 19, 2023"
16-06-2023,13.65,14.10,13.40,13.75,13.75,"491,532","Jun 16, 2023"
15-06-2023,13.55,13.75,13.35,13.45,13.45,"235,469","Jun 15, 2023"
14-06-2023,13.55,13.75,13.30,13.40,13.40,"166,896","Jun 14, 2023"
13-06-2023,13.45,13.75,13.20,13.50,13.50,"460,150","Jun 13, 2023"
12-06-2023,14.55,15.10,12.85,13.20,13.20,"1,447,419","Jun 12, 2023"
09-06-2023,14.90,15.15,14.00,14.35,14.35,"455,187","Jun 09, 2023"
08-06-2023,13.75,15.50,13.45,14.55,14.55,"1,200,328","Jun 08, 2023"
07-06-2023,13.40,13.80,13.40,13.70,13.70,"233,545","Jun 07, 2023"
06-06-2023,13.25,13.45,13.10,13.35,13.35,"233,831","Jun 06, 2023"
05-06-2023,13.00,13.30,12.60,13.05,13.05,"318,138","Jun 05, 2023"
02-06-2023,12.75,12.90,12.65,12.75,12.75,"118,609","Jun 02, 2023"
01-06-2023,12.35,12.70,12.35,12.65,12.65,"190,609","Jun 01, 2023"
31-05-2023,12.70,12.90,12.15,12.25,12.25,"368,485","May 31, 2023"
30-05-2023,12.60,12.85,12.45,12.70,12.70,"295,193","May 30, 2023"
29-05-2023,13.10,13.25,12.50,12.60,12.60,"640,594","May 29, 2023"
26-05-2023,13.60,13.80,12.85,12.90,12.90,"534,350","May 26, 2023"
25-05-2023,13.75,13.95,13.40,13.50,13.50,"223,500","May 25, 2023"
24-05-2023,14.25,14.35,13.50,13.70,13.70,"333,946","May 24, 2023"
23-05-2023,14.20,14.95,13.95,14.25,14.25,"705,504","May 23, 2023"
22-05-2023,15.00,15.00,13.95,14.05,14.05,"298,110","May 22, 2023"
19-05-2023,15.00,15.45,14.65,14.75,14.75,"528,128","May 19, 2023"
18-05-2023,13.55,15.45,12.05,14.95,14.95,"1,969,990","May 18, 2023"
17-05-2023,13.55,13.60,13.30,13.40,13.40,"109,102","May 17, 2023"
16-05-2023,13.70,13.90,13.20,13.40,13.40,"246,974","May 16, 2023"
15-05-2023,13.05,13.75,13.05,13.65,13.65,"278,981","May 15, 2023"
12-05-2023,13.40,13.70,13.15,13.25,13.25,"137,868","May 12, 2023"
11-05-2023,13.30,13.50,13.05,13.35,13.35,"146,459","May 11, 2023"
10-05-2023,13.45,13.50,12.85,13.05,13.05,"130,786","May 10, 2023"
09-05-2023,13.15,13.80,13.15,13.45,13.45,"261,040","May 09, 2023"
08-05-2023,12.95,13.20,12.80,13.00,13.00,"76,723","May 08, 2023"
05-05-2023,13.10,13.30,12.50,12.75,12.75,"149,589","May 05, 2023"
04-05-2023,13.45,13.45,12.85,13.00,13.00,"395,134","May 04, 2023"
03-05-2023,12.25,14.30,12.05,13.15,13.15,"1,338,944","May 03, 2023"
02-05-2023,12.00,12.50,12.00,12.10,12.10,"213,064","May 02, 2023"
28-04-2023,11.95,12.00,11.50,11.85,11.85,"106,480","Apr 28, 2023"
27-04-2023,11.95,11.95,11.75,11.80,11.80,"84,158","Apr 27, 2023"
26-04-2023,11.90,12.00,11.75,11.90,11.90,"86,141","Apr 26, 2023"
25-04-2023,11.70,11.95,11.70,11.85,11.85,"57,053","Apr 25, 2023"
24-04-2023,11.75,11.90,11.55,11.70,11.70,"65,152","Apr 24, 2023"
21-04-2023,12.10,12.30,11.55,11.75,11.75,"237,067","Apr 21, 2023"
20-04-2023,12.25,12.25,11.95,12.00,12.00,"52,416","Apr 20, 2023"
19-04-2023,11.95,12.25,11.90,12.05,12.05,"110,134","Apr 19, 2023"
18-04-2023,11.95,12.10,11.80,11.85,11.85,"98,522","Apr 18, 2023"
17-04-2023,12.00,12.00,11.55,11.80,11.80,"75,432","Apr 17, 2023"
13-04-2023,11.90,12.10,11.60,11.90,11.90,"87,019","Apr 13, 2023"
12-04-2023,12.10,12.10,11.95,12.05,12.05,"49,740","Apr 12, 2023"
11-04-2023,11.85,12.20,11.85,12.00,12.00,"45,666","Apr 11, 2023"
10-04-2023,12.10,12.25,11.80,11.95,11.95,"78,055","Apr 10, 2023"
06-04-2023,11.85,12.25,11.85,12.15,12.15,"72,457","Apr 06, 2023"
05-04-2023,12.00,12.10,11.45,11.95,11.95,"102,219","Apr 05, 2023"
03-04-2023,11.05,11.90,11.00,11.65,11.65,"109,688","Apr 03, 2023"
31-03-2023,11.10,11.35,10.90,11.00,11.00,"108,715","Mar 31, 2023"
29-03-2023,10.75,10.95,10.50,10.85,10.85,"146,954","Mar 29, 2023"
28-03-2023,11.35,11.40,10.60,10.70,10.70,"137,467","Mar 28, 2023"
27-03-2023,11.65,11.65,10.80,11.05,11.05,"205,748","Mar 27, 2023"
24-03-2023,11.90,11.90,11.50,11.70,11.70,"81,201","Mar 24, 2023"
23-03-2023,11.80,12.15,11.75,11.85,11.85,"141,860","Mar 23, 2023"
22-03-2023,12.05,12.05,11.75,11.90,11.90,"40,181","Mar 22, 2023"
21-03-2023,11.80,11.95,11.65,11.75,11.75,"57,706","Mar 21, 2023"
20-03-2023,12.00,12.20,11.70,11.80,11.80,"90,515","Mar 20, 2023"
17-03-2023,11.95,12.25,11.90,12.05,12.05,"49,999","Mar 17, 2023"
16-03-2023,12.30,12.45,11.65,12.15,12.15,"115,492","Mar 16, 2023"
15-03-2023,12.10,12.50,12.00,12.25,12.25,"118,099","Mar 15, 2023"
14-03-2023,12.50,12.50,11.05,11.95,11.95,"158,279","Mar 14, 2023"
13-03-2023,12.55,12.80,12.25,12.40,12.40,"164,640","Mar 13, 2023"
10-03-2023,12.75,12.90,12.05,12.50,12.50,"97,337","Mar 10, 2023"
09-03-2023,12.75,13.00,12.60,12.65,12.65,"118,775","Mar 09, 2023"
08-03-2023,12.85,13.00,12.65,12.90,12.90,"115,784","Mar 08, 2023"
06-03-2023,12.70,13.00,12.60,12.70,12.70,"169,738","Mar 06, 2023"
03-03-2023,12.70,12.75,12.35,12.55,12.55,"190,698","Mar 03, 2023"
02-03-2023,12.75,13.00,12.50,12.55,12.55,"114,853","Mar 02, 2023"
01-03-2023,12.70,12.95,12.40,12.75,12.75,"100,320","Mar 01, 2023"
28-02-2023,12.50,12.75,12.40,12.45,12.45,"73,243","Feb 28, 2023"
27-02-2023,13.00,13.00,12.35,12.40,12.40,"131,919","Feb 27, 2023"
24-02-2023,13.25,13.45,12.60,12.80,12.80,"372,302","Feb 24, 2023"
23-02-2023,12.20,13.10,12.10,12.50,12.50,"150,742","Feb 23, 2023"
22-02-2023,12.70,12.75,12.05,12.30,12.30,"121,063","Feb 22, 2023"
21-02-2023,13.10,13.15,12.50,12.60,12.60,"228,665","Feb 21, 2023"
20-02-2023,13.10,13.20,12.85,12.95,12.95,"58,320","Feb 20, 2023"
17-02-2023,13.25,13.35,12.95,13.05,13.05,"146,169","Feb 17, 2023"
16-02-2023,13.25,13.40,13.20,13.25,13.25,"91,341","Feb 16, 2023"
15-02-2023,13.25,13.45,13.00,13.10,13.10,"203,016","Feb 15, 2023"
14-02-2023,13.80,13.80,13.05,13.15,13.15,"218,349","Feb 14, 2023"
13-02-2023,14.00,14.40,13.20,13.60,13.60,"195,881","Feb 13, 2023"
10-02-2023,14.00,15.00,13.60,14.10,14.10,"816,181","Feb 10, 2023"
09-02-2023,13.45,14.05,13.45,13.75,13.75,"158,260","Feb 09, 2023"
08-02-2023,13.50,13.80,13.05,13.60,13.60,"156,581","Feb 08, 2023"
07-02-2023,13.30,13.65,13.30,13.40,13.40,"72,003","Feb 07, 2023"
06-02-2023,13.25,13.50,13.10,13.35,13.35,"74,766","Feb 06, 2023"
03-02-2023,13.60,13.70,13.00,13.25,13.25,"232,089","Feb 03, 2023"
02-02-2023,13.60,13.85,13.55,13.60,13.60,"99,163","Feb 02, 2023"
01-02-2023,14.10,14.50,13.50,13.70,13.70,"172,760","Feb 01, 2023"
31-01-2023,13.85,14.05,13.70,13.95,13.95,"120,657","Jan 31, 2023"
30-01-2023,13.75,14.05,13.70,13.80,13.80,"89,630","Jan 30, 2023"
27-01-2023,14.35,14.35,13.30,13.70,13.70,"190,997","Jan 27, 2023"
25-01-2023,14.70,15.10,14.05,14.15,14.15,"467,834","Jan 25, 2023"
24-01-2023,15.00,15.20,14.55,14.70,14.70,"320,994","Jan 24, 2023"
23-01-2023,14.65,16.00,14.40,14.80,14.80,"270,018","Jan 23, 2023"
20-01-2023,14.70,15.00,14.50,14.55,14.55,"55,528","Jan 20, 2023"
19-01-2023,14.80,15.15,14.55,14.65,14.65,"83,738","Jan 19, 2023"
18-01-2023,14.65,15.20,14.55,15.00,15.00,"153,065","Jan 18, 2023"
17-01-2023,14.95,15.25,14.40,14.65,14.65,"110,710","Jan 17, 2023"
16-01-2023,15.30,15.55,14.80,14.95,14.95,"86,414","Jan 16, 2023"
13-01-2023,15.40,15.50,15.20,15.30,15.30,"78,937","Jan 13, 2023"
12-01-2023,15.85,15.90,15.15,15.35,15.35,"185,545","Jan 12, 2023"
11-01-2023,15.50,15.95,15.20,15.75,15.75,"421,165","Jan 11, 2023"
10-01-2023,15.50,15.85,14.90,15.45,15.45,"446,613","Jan 10, 2023"
09-01-2023,15.50,15.50,14.85,15.25,15.25,"234,407","Jan 09, 2023"
06-01-2023,14.50,15.40,14.25,15.10,15.10,"647,490","Jan 06, 2023"
05-01-2023,14.70,14.70,14.10,14.35,14.35,"198,738","Jan 05, 2023"
04-01-2023,14.85,15.35,14.40,14.65,14.65,"144,762","Jan 04, 2023"
03-01-2023,14.85,15.40,14.75,14.85,14.85,"431,427","Jan 03, 2023"
02-01-2023,13.90,14.90,13.90,14.70,14.70,"281,303","Jan 02, 2023"
30-12-2022,13.85,14.15,13.85,13.95,13.95,"90,945","Dec 30, 2022"
29-12-2022,14.00,14.15,13.85,13.85,13.85,"89,515","Dec 29, 2022"
28-12-2022,14.15,14.20,13.85,14.05,14.05,"139,458","Dec 28, 2022"
27-12-2022,13.70,14.20,13.45,14.10,14.10,"278,333","Dec 27, 2022"
26-12-2022,13.00,13.70,12.90,13.55,13.55,"286,643","Dec 26, 2022"
23-12-2022,13.25,13.45,12.80,12.85,12.85,"249,898","Dec 23, 2022"
22-12-2022,14.00,14.25,13.40,13.50,13.50,"432,214","Dec 22, 2022"
21-12-2022,16.00,16.00,13.90,13.95,13.95,"795,994","Dec 21, 2022"
20-12-2022,13.95,16.50,13.95,15.60,15.60,"3,790,585","Dec 20, 2022"
19-12-2022,13.80,14.10,13.70,13.95,13.95,"119,432","Dec 19, 2022"
16-12-2022,14.00,14.15,13.70,13.80,13.80,"139,255","Dec 16, 2022"
15-12-2022,13.85,14.45,13.75,14.05,14.05,"260,082","Dec 15, 2022"
14-12-2022,13.90,14.00,13.75,13.80,13.80,"179,252","Dec 14, 2022"
13-12-2022,14.00,14.00,13.75,13.80,13.80,"112,278","Dec 13, 2022"
12-12-2022,14.00,14.10,13.85,13.95,13.95,"53,748","Dec 12, 2022"
09-12-2022,14.50,14.50,13.80,13.95,13.95,"266,510","Dec 09, 2022"
08-12-2022,14.15,14.90,14.00,14.20,14.20,"374,880","Dec 08, 2022"
07-12-2022,14.25,14.35,13.80,14.10,14.10,"401,546","Dec 07, 2022"
06-12-2022,14.25,14.25,14.00,14.15,14.15,"136,558","Dec 06, 2022"
05-12-2022,14.45,14.45,13.80,14.05,14.05,"181,400","Dec 05, 2022"
02-12-2022,14.25,14.50,14.10,14.20,14.20,"292,737","Dec 02, 2022"
01-12-2022,13.80,14.65,13.80,14.10,14.10,"728,949","Dec 01, 2022"
30-11-2022,13.10,13.80,13.05,13.70,13.70,"691,456","Nov 30, 2022"
29-11-2022,13.10,13.65,12.90,13.10,13.10,"761,449","Nov 29, 2022"
28-11-2022,13.25,13.55,13.05,13.35,13.35,"539,428","Nov 28, 2022"
25-11-2022,13.30,13.30,12.50,13.10,13.10,"514,616","Nov 25, 2022"
24-11-2022,13.55,13.70,13.40,13.45,13.45,"55,175","Nov 24, 2022"
23-11-2022,13.55,14.00,13.20,13.60,13.60,"174,233","Nov 23, 2022"
22-11-2022,13.45,13.60,13.10,13.30,13.30,"197,852","Nov 22, 2022"
21-11-2022,13.95,14.20,13.05,13.30,13.30,"129,711","Nov 21, 2022"
18-11-2022,13.85,13.90,13.70,13.80,13.80,"46,749","Nov 18, 2022"
17-11-2022,13.80,13.95,13.70,13.85,13.85,"38,567","Nov 17, 2022"
16-11-2022,13.75,14.15,13.75,13.85,13.85,"56,797","Nov 16, 2022"
15-11-2022,14.25,14.35,13.45,13.70,13.70,"177,518","Nov 15, 2022"
14-11-2022,13.55,14.40,13.55,14.15,14.15,"95,941","Nov 14, 2022"
11-11-2022,14.45,14.90,13.05,13.90,13.90,"367,785","Nov 11, 2022"
10-11-2022,14.15,14.25,13.40,14.05,14.05,"176,861","Nov 10, 2022"
09-11-2022,14.40,14.55,13.90,14.10,14.10,"102,419","Nov 09, 2022"
07-11-2022,14.05,14.60,13.95,14.10,14.10,"91,607","Nov 07, 2022"
04-11-2022,14.00,14.20,13.85,14.05,14.05,"62,841","Nov 04, 2022"
03-11-2022,13.45,14.10,13.40,13.85,13.85,"67,405","Nov 03, 2022"
02-11-2022,13.45,13.80,13.45,13.70,13.70,"43,310","Nov 02, 2022"
01-11-2022,13.90,13.95,13.40,13.60,13.60,"64,665","Nov 01, 2022"
31-10-2022,14.50,14.50,13.30,13.75,13.75,"88,613","Oct 31, 2022"
28-10-2022,14.30,14.50,14.00,14.20,14.20,"99,188","Oct 28, 2022"
27-10-2022,14.25,14.40,14.00,14.05,14.05,"53,627","Oct 27, 2022"
25-10-2022,14.40,14.50,13.85,14.05,14.05,"47,370","Oct 25, 2022"
24-10-2022,13.90,14.65,13.60,14.40,14.40,"194,798","Oct 24, 2022"
21-10-2022,13.75,13.75,13.25,13.35,13.35,"50,699","Oct 21, 2022"
20-10-2022,13.80,13.80,13.35,13.60,13.60,"49,265","Oct 20, 2022"
19-10-2022,13.60,13.80,13.50,13.65,13.65,"42,270","Oct 19, 2022"
18-10-2022,13.95,13.95,13.30,13.50,13.50,"25,073","Oct 18, 2022"
17-10-2022,13.95,13.95,13.40,13.40,13.40,"38,542","Oct 17, 2022"
14-10-2022,14.00,14.10,13.65,13.80,13.80,"33,456","Oct 14, 2022"
13-10-2022,13.80,14.00,13.70,13.80,13.80,"74,180","Oct 13, 2022"
12-10-2022,14.15,14.15,13.65,13.70,13.70,"52,851","Oct 12, 2022"
11-10-2022,13.65,14.25,13.60,13.75,13.75,"182,871","Oct 11, 2022"
10-10-2022,13.70,13.80,13.40,13.65,13.65,"57,735","Oct 10, 2022"
07-10-2022,13.90,13.90,13.60,13.65,13.65,"47,824","Oct 07, 2022"
06-10-2022,13.80,14.20,13.65,13.95,13.95,"115,354","Oct 06, 2022"
04-10-2022,13.25,13.65,13.05,13.55,13.55,"92,600","Oct 04, 2022"
03-10-2022,12.80,13.25,12.55,13.00,13.00,"137,210","Oct 03, 2022"
30-09-2022,13.55,13.75,12.65,12.75,12.75,"437,856","Sep 30, 2022"
29-09-2022,13.80,14.00,13.00,13.30,13.30,"142,806","Sep 29, 2022"
28-09-2022,14.00,14.00,13.65,13.65,13.65,"73,400","Sep 28, 2022"
27-09-2022,13.90,14.35,13.70,13.75,13.75,"117,351","Sep 27, 2022"
26-09-2022,14.60,14.80,13.90,13.90,13.90,"116,574","Sep 26, 2022"
23-09-2022,14.85,14.90,14.55,14.60,14.60,"92,061","Sep 23, 2022"
22-09-2022,14.95,14.95,14.30,14.65,14.65,"77,117","Sep 22, 2022"
21-09-2022,14.90,15.20,14.60,14.80,14.80,"90,969","Sep 21, 2022"
20-09-2022,15.30,15.40,14.80,14.90,14.90,"216,195","Sep 20, 2022"
19-09-2022,14.65,15.30,14.65,15.15,15.15,"123,790","Sep 19, 2022"
16-09-2022,14.95,15.10,14.70,14.80,14.80,"218,989","Sep 16, 2022"
15-09-2022,15.20,15.30,14.85,15.00,15.00,"304,862","Sep 15, 2022"
14-09-2022,15.00,15.65,14.70,15.15,15.15,"1,105,522","Sep 14, 2022"
13-09-2022,15.30,15.30,14.85,14.95,14.95,"110,696","Sep 13, 2022"
12-09-2022,15.10,15.20,14.90,15.00,15.00,"120,847","Sep 12, 2022"
09-09-2022,15.20,15.55,14.85,14.90,14.90,"244,412","Sep 09, 2022"
08-09-2022,15.35,15.40,14.85,15.00,15.00,"280,959","Sep 08, 2022"
07-09-2022,15.40,15.40,14.90,15.00,15.00,"109,106","Sep 07, 2022"
06-09-2022,14.90,15.40,14.55,15.05,15.05,"117,165","Sep 06, 2022"
05-09-2022,15.45,15.45,14.85,14.90,14.90,"171,835","Sep 05, 2022"
02-09-2022,15.75,15.75,14.75,15.10,15.10,"365,020","Sep 02, 2022"
01-09-2022,15.35,15.70,15.20,15.50,15.50,"35,447","Sep 01, 2022"
30-08-2022,16.20,16.20,15.20,15.35,15.35,"235,706","Aug 30, 2022"
29-08-2022,15.50,16.00,15.10,15.85,15.85,"156,770","Aug 29, 2022"
26-08-2022,16.20,16.20,15.50,15.60,15.60,"59,174","Aug 26, 2022"
25-08-2022,15.65,16.00,15.50,15.75,15.75,"116,707","Aug 25, 2022"
24-08-2022,16.00,16.00,15.60,15.85,15.85,"115,590","Aug 24, 2022"
23-08-2022,15.30,15.95,15.30,15.55,15.55,"137,649","Aug 23, 2022"
22-08-2022,15.65,16.15,15.10,15.70,15.70,"339,088","Aug 22, 2022"
19-08-2022,15.80,15.80,15.15,15.40,15.40,"145,878","Aug 19, 2022"
18-08-2022,16.00,16.10,15.40,15.80,15.80,"316,537","Aug 18, 2022"
17-08-2022,15.50,16.15,15.30,16.00,16.00,"485,074","Aug 17, 2022"
16-08-2022,15.00,15.50,14.50,15.40,15.40,"220,530","Aug 16, 2022"
12-08-2022,14.95,15.35,14.95,15.00,15.00,"62,207","Aug 12, 2022"
11-08-2022,15.50,15.55,14.65,14.95,14.95,"133,040","Aug 11, 2022"
11-08-2022,0.1 Dividend,,,,,,"Aug 11, 2022"
10-08-2022,15.65,15.65,15.25,15.35,15.25,"103,981","Aug 10, 2022"
08-08-2022,15.25,15.80,15.25,15.50,15.40,"96,652","Aug 08, 2022"
05-08-2022,15.15,16.10,15.15,15.45,15.35,"259,477","Aug 05, 2022"
04-08-2022,16.10,16.10,14.50,15.35,15.25,"567,641","Aug 04, 2022"
03-08-2022,17.30,17.30,15.00,15.80,15.70,"328,519","Aug 03, 2022"
02-08-2022,16.35,17.00,16.15,16.30,16.19,"319,741","Aug 02, 2022"
01-08-2022,17.65,17.65,16.30,16.90,16.79,"666,365","Aug 01, 2022"
29-07-2022,18.65,19.00,17.65,17.65,17.54,"726,155","Jul 29, 2022"
28-07-2022,17.65,20.90,17.30,19.60,19.47,"2,667,972","Jul 28, 2022"
27-07-2022,15.00,18.00,14.60,17.90,17.78,"1,902,767","Jul 27, 2022"
26-07-2022,16.55,16.60,14.85,15.00,14.90,"726,323","Jul 26, 2022"
25-07-2022,13.75,16.10,13.55,16.10,16.00,"2,254,624","Jul 25, 2022"
22-07-2022,13.10,13.70,13.10,13.45,13.36,"77,700","Jul 22, 2022"
21-07-2022,13.50,13.50,13.05,13.05,12.96,"81,664","Jul 21, 2022"
20-07-2022,13.40,13.40,12.95,13.15,13.06,"54,402","Jul 20, 2022"
19-07-2022,13.35,13.35,13.05,13.20,13.11,"30,862","Jul 19, 2022"
18-07-2022,13.20,13.45,12.95,13.10,13.01,"55,378","Jul 18, 2022"
15-07-2022,13.40,13.40,13.05,13.20,13.11,"26,385","Jul 15, 2022"
14-07-2022,13.55,13.55,13.10,13.20,13.11,"18,252","Jul 14, 2022"
13-07-2022,13.05,13.70,13.05,13.35,13.26,"63,376","Jul 13, 2022"
12-07-2022,13.30,13.60,13.05,13.20,13.11,"83,557","Jul 12, 2022"
11-07-2022,13.80,13.80,13.00,13.10,13.01,"151,732","Jul 11, 2022"
08-07-2022,13.50,14.05,13.50,13.60,13.51,"70,908","Jul 08, 2022"
07-07-2022,13.55,14.20,13.30,13.90,13.81,"124,184","Jul 07, 2022"
06-07-2022,13.75,13.95,13.30,13.50,13.41,"55,709","Jul 06, 2022"
05-07-2022,14.00,14.15,13.55,13.55,13.46,"82,908","Jul 05, 2022"
04-07-2022,13.50,14.60,13.30,13.95,13.86,"284,928","Jul 04, 2022"
01-07-2022,12.40,14.65,12.10,13.60,13.51,"1,582,039","Jul 01, 2022"
30-06-2022,12.25,13.45,11.95,12.25,12.17,"431,207","Jun 30, 2022"
29-06-2022,12.15,12.25,11.95,12.10,12.02,"27,330","Jun 29, 2022"
28-06-2022,12.40,12.40,11.90,12.15,12.07,"60,502","Jun 28, 2022"
27-06-2022,12.25,12.50,12.10,12.25,12.17,"74,432","Jun 27, 2022"
24-06-2022,12.35,12.35,11.90,12.05,11.97,"96,217","Jun 24, 2022"
23-06-2022,11.65,12.10,11.65,11.85,11.77,"67,774","Jun 23, 2022"
22-06-2022,12.35,12.35,11.60,11.90,11.82,"35,544","Jun 22, 2022"
21-06-2022,11.90,12.40,11.60,12.10,12.02,"67,059","Jun 21, 2022"
20-06-2022,12.25,12.70,11.80,11.90,11.82,"57,731","Jun 20, 2022"
17-06-2022,12.25,12.65,12.25,12.45,12.37,"32,687","Jun 17, 2022"
16-06-2022,12.90,13.25,12.35,12.45,12.37,"66,910","Jun 16, 2022"
15-06-2022,12.95,13.10,12.20,12.65,12.57,"102,780","Jun 15, 2022"
14-06-2022,12.95,13.05,12.30,12.70,12.62,"57,438","Jun 14, 2022"
13-06-2022,13.15,13.15,12.75,12.85,12.77,"85,667","Jun 13, 2022"
10-06-2022,13.10,13.30,13.00,13.15,13.06,"62,683","Jun 10, 2022"
09-06-2022,13.15,13.40,13.00,13.05,12.96,"84,804","Jun 09, 2022"
08-06-2022,13.40,13.60,13.05,13.15,13.06,"81,535","Jun 08, 2022"
07-06-2022,13.75,13.90,13.10,13.20,13.11,"58,989","Jun 07, 2022"
06-06-2022,13.85,14.20,13.50,13.55,13.46,"66,140","Jun 06, 2022"
03-06-2022,14.75,14.80,13.95,14.10,14.01,"79,751","Jun 03, 2022"
02-06-2022,14.15,14.90,14.10,14.55,14.46,"62,448","Jun 02, 2022"
01-06-2022,14.55,14.75,14.20,14.30,14.21,"26,683","Jun 01, 2022"
31-05-2022,14.65,14.75,14.20,14.35,14.26,"26,099","May 31, 2022"
30-05-2022,14.75,14.75,14.40,14.50,14.41,"53,287","May 30, 2022"
27-05-2022,14.45,14.70,13.85,14.25,14.16,"56,277","May 27, 2022"
26-05-2022,14.20,14.60,13.50,14.15,14.06,"87,983","May 26, 2022"
25-05-2022,15.35,15.70,14.25,14.30,14.21,"94,820","May 25, 2022"
24-05-2022,15.75,16.20,14.90,15.05,14.95,"144,941","May 24, 2022"
23-05-2022,14.95,17.00,14.60,15.45,15.35,"1,211,391","May 23, 2022"
20-05-2022,14.65,14.95,14.15,14.45,14.36,"67,905","May 20, 2022"
19-05-2022,14.45,15.30,13.10,14.60,14.50,"274,460","May 19, 2022"
18-05-2022,14.60,15.40,14.30,14.60,14.50,"447,590","May 18, 2022"
17-05-2022,13.25,14.80,13.10,14.40,14.31,"165,423","May 17, 2022"
16-05-2022,12.85,13.25,12.80,13.05,12.96,"51,028","May 16, 2022"
13-05-2022,12.75,13.50,12.55,12.80,12.72,"47,714","May 13, 2022"
12-05-2022,12.50,12.80,12.15,12.60,12.52,"38,531","May 12, 2022"
11-05-2022,13.30,13.50,12.50,12.65,12.57,"129,965","May 11, 2022"
10-05-2022,13.30,13.75,13.15,13.30,13.21,"53,659","May 10, 2022"
09-05-2022,13.15,13.95,12.95,13.45,13.36,"109,455","May 09, 2022"
06-05-2022,13.30,13.70,13.00,13.40,13.31,"107,582","May 06, 2022"
05-05-2022,13.85,14.00,12.80,13.20,13.11,"116,822","May 05, 2022"
04-05-2022,14.60,14.60,12.80,13.30,13.21,"211,168","May 04, 2022"
02-05-2022,15.40,15.70,14.00,14.25,14.16,"125,225","May 02, 2022"
29-04-2022,15.90,15.90,14.95,15.10,15.00,"58,172","Apr 29, 2022"
28-04-2022,16.00,16.40,15.35,15.60,15.50,"178,410","Apr 28, 2022"
27-04-2022,16.00,16.00,15.40,15.60,15.50,"40,320","Apr 27, 2022"
26-04-2022,16.05,16.60,15.70,15.90,15.80,"86,102","Apr 26, 2022"
25-04-2022,16.00,16.00,15.55,15.70,15.60,"43,949","Apr 25, 2022"
22-04-2022,15.85,16.45,15.75,16.20,16.09,"123,836","Apr 22, 2022"
21-04-2022,15.90,16.45,15.70,16.05,15.95,"128,040","Apr 21, 2022"
20-04-2022,15.45,16.25,15.15,15.55,15.45,"57,556","Apr 20, 2022"
19-04-2022,16.25,16.40,15.20,15.55,15.45,"86,600","Apr 19, 2022"
18-04-2022,16.35,16.35,15.75,15.95,15.85,"68,548","Apr 18, 2022"
13-04-2022,16.20,16.95,15.90,16.40,16.29,"178,284","Apr 13, 2022"
12-04-2022,15.75,16.40,15.55,15.95,15.85,"87,521","Apr 12, 2022"
11-04-2022,15.85,16.15,15.75,16.00,15.90,"64,466","Apr 11, 2022"
08-04-2022,16.05,16.45,15.80,16.05,15.95,"81,345","Apr 08, 2022"
07-04-2022,15.35,16.45,15.20,15.90,15.80,"183,703","Apr 07, 2022"
06-04-2022,15.00,15.65,15.00,15.35,15.25,"66,240","Apr 06, 2022"
05-04-2022,15.90,15.90,15.10,15.35,15.25,"80,952","Apr 05, 2022"
04-04-2022,14.65,15.45,14.15,15.30,15.20,"194,901","Apr 04, 2022"
01-04-2022,12.90,14.15,12.85,14.15,14.06,"107,796","Apr 01, 2022"
31-03-2022,13.65,13.65,12.50,12.90,12.82,"185,224","Mar 31, 2022"
30-03-2022,13.40,13.85,13.20,13.45,13.36,"102,044","Mar 30, 2022"
29-03-2022,13.65,13.70,13.10,13.25,13.16,"157,037","Mar 29, 2022"
28-03-2022,14.10,14.50,13.55,13.75,13.66,"131,095","Mar 28, 2022"
25-03-2022,14.25,14.45,13.80,13.95,13.86,"112,630","Mar 25, 2022"
24-03-2022,14.15,14.90,13.90,14.05,13.96,"79,394","Mar 24, 2022"
23-03-2022,14.85,14.95,14.00,14.15,14.06,"103,725","Mar 23, 2022"
22-03-2022,14.75,14.90,14.30,14.60,14.50,"69,563","Mar 22, 2022"
21-03-2022,15.15,15.50,14.50,14.60,14.50,"66,300","Mar 21, 2022"
17-03-2022,15.00,15.45,14.70,14.85,14.75,"83,396","Mar 17, 2022"
16-03-2022,14.75,15.25,14.45,14.60,14.50,"59,435","Mar 16, 2022"
15-03-2022,15.50,15.50,14.75,14.85,14.75,"41,786","Mar 15, 2022"
14-03-2022,16.35,16.35,15.00,15.15,15.05,"42,485","Mar 14, 2022"
11-03-2022,16.50,16.50,15.60,15.75,15.65,"84,299","Mar 11, 2022"
10-03-2022,15.85,16.60,15.75,16.30,16.19,"144,220","Mar 10, 2022"
09-03-2022,15.50,16.15,15.30,15.70,15.60,"66,607","Mar 09, 2022"
08-03-2022,15.80,15.80,14.90,15.50,15.40,"104,119","Mar 08, 2022"
07-03-2022,14.70,16.10,14.00,15.20,15.10,"159,521","Mar 07, 2022"
04-03-2022,14.20,15.00,14.00,14.70,14.60,"57,373","Mar 04, 2022"
03-03-2022,14.75,15.25,14.10,14.40,14.31,"58,297","Mar 03, 2022"
02-03-2022,14.20,14.70,14.00,14.45,14.36,"34,451","Mar 02, 2022"
28-02-2022,14.35,14.45,13.30,14.30,14.21,"37,387","Feb 28, 2022"
25-02-2022,13.60,14.40,13.60,14.20,14.11,"52,009","Feb 25, 2022"
24-02-2022,14.20,14.75,13.10,13.20,13.11,"233,666","Feb 24, 2022"
23-02-2022,14.70,15.25,14.35,14.55,14.46,"46,822","Feb 23, 2022"
22-02-2022,14.75,15.20,14.20,14.45,14.36,"81,543","Feb 22, 2022"
21-02-2022,15.65,15.70,14.75,15.05,14.95,"54,467","Feb 21, 2022"
18-02-2022,15.75,16.30,15.20,15.65,15.55,"81,400","Feb 18, 2022"
17-02-2022,16.00,16.30,15.40,15.55,15.45,"84,656","Feb 17, 2022"
16-02-2022,16.60,17.15,14.75,15.90,15.80,"248,894","Feb 16, 2022"
15-02-2022,15.55,16.40,15.15,16.20,16.09,"53,732","Feb 15, 2022"
14-02-2022,16.00,16.05,15.05,15.15,15.05,"137,587","Feb 14, 2022"
11-02-2022,16.80,16.80,15.55,16.05,15.95,"194,844","Feb 11, 2022"
10-02-2022,16.75,17.40,16.65,16.80,16.69,"114,017","Feb 10, 2022"
09-02-2022,17.25,17.25,16.60,16.70,16.59,"90,789","Feb 09, 2022"
08-02-2022,17.15,17.80,16.45,16.65,16.54,"106,256","Feb 08, 2022"
07-02-2022,17.75,18.00,17.05,17.25,17.14,"70,362","Feb 07, 2022"
04-02-2022,17.70,18.00,17.35,17.45,17.34,"74,846","Feb 04, 2022"
03-02-2022,17.90,18.15,17.60,17.80,17.68,"35,255","Feb 03, 2022"
02-02-2022,18.65,18.70,17.80,18.00,17.88,"114,956","Feb 02, 2022"
01-02-2022,18.00,18.80,18.00,18.40,18.28,"105,619","Feb 01, 2022"
31-01-2022,17.30,18.90,17.20,18.10,17.98,"214,119","Jan 31, 2022"
28-01-2022,17.55,18.60,17.25,17.40,17.29,"175,801","Jan 28, 2022"
27-01-2022,17.25,17.75,16.55,16.95,16.84,"93,949","Jan 27, 2022"
25-01-2022,16.60,17.95,16.40,17.45,17.34,"90,962","Jan 25, 2022"
24-01-2022,18.25,18.25,16.40,16.90,16.79,"140,106","Jan 24, 2022"
21-01-2022,18.50,19.30,17.60,17.90,17.78,"83,265","Jan 21, 2022"
20-01-2022,19.35,19.80,18.55,18.70,18.58,"134,182","Jan 20, 2022"
19-01-2022,20.00,20.35,18.25,19.05,18.93,"549,379","Jan 19, 2022"
18-01-2022,18.10,19.85,17.65,19.60,19.47,"1,020,365","Jan 18, 2022"
17-01-2022,18.00,18.45,17.45,18.05,17.93,"174,269","Jan 17, 2022"
14-01-2022,17.65,17.85,17.45,17.50,17.39,"54,968","Jan 14, 2022"
13-01-2022,18.00,18.45,17.40,17.50,17.39,"116,274","Jan 13, 2022"
12-01-2022,18.30,18.80,17.00,17.85,17.73,"392,162","Jan 12, 2022"
11-01-2022,18.15,18.45,16.85,17.75,17.63,"430,372","Jan 11, 2022"
10-01-2022,17.70,18.00,16.25,17.65,17.54,"351,574","Jan 10, 2022"
07-01-2022,18.40,18.40,17.10,17.35,17.24,"501,360","Jan 07, 2022"
06-01-2022,15.50,17.05,15.35,17.05,16.94,"512,610","Jan 06, 2022"
05-01-2022,15.90,16.30,15.35,15.50,15.40,"135,680","Jan 05, 2022"
04-01-2022,16.80,16.80,15.70,15.80,15.70,"287,147","Jan 04, 2022"
03-01-2022,16.45,16.70,16.00,16.45,16.34,"589,076","Jan 03, 2022"
31-12-2021,14.80,16.05,14.45,16.00,15.90,"1,329,669","Dec 31, 2021"
30-12-2021,14.80,14.85,14.50,14.60,14.50,"120,525","Dec 30, 2021"
29-12-2021,14.90,15.15,14.45,14.55,14.46,"259,664","Dec 29, 2021"
28-12-2021,14.80,14.85,14.45,14.75,14.65,"102,244","Dec 28, 2021"
27-12-2021,14.85,14.85,14.35,14.55,14.46,"118,528","Dec 27, 2021"
24-12-2021,15.15,15.15,14.35,14.60,14.50,"59,420","Dec 24, 2021"
23-12-2021,14.60,15.20,14.45,14.95,14.85,"288,367","Dec 23, 2021"
22-12-2021,14.15,14.60,14.15,14.30,14.21,"41,247","Dec 22, 2021"
21-12-2021,14.25,14.60,14.05,14.15,14.06,"58,558","Dec 21, 2021"
20-12-2021,14.50,14.65,13.50,14.00,13.91,"83,958","Dec 20, 2021"
17-12-2021,14.85,15.00,14.45,14.65,14.55,"94,956","Dec 17, 2021"
16-12-2021,15.35,15.40,14.80,15.00,14.90,"97,988","Dec 16, 2021"
15-12-2021,15.25,15.30,14.80,15.10,15.00,"166,216","Dec 15, 2021"
14-12-2021,15.00,15.15,14.80,14.90,14.80,"62,553","Dec 14, 2021"
13-12-2021,15.30,15.30,14.85,14.90,14.80,"129,174","Dec 13, 2021"
10-12-2021,15.15,15.35,14.75,14.90,14.80,"385,854","Dec 10, 2021"
09-12-2021,15.05,15.15,14.75,14.90,14.80,"86,144","Dec 09, 2021"
08-12-2021,14.90,15.15,14.80,14.90,14.80,"75,457","Dec 08, 2021"
07-12-2021,14.90,16.05,14.60,14.85,14.75,"347,841","Dec 07, 2021"
06-12-2021,14.95,15.10,14.50,14.60,14.50,"114,500","Dec 06, 2021"
03-12-2021,15.05,15.25,14.65,14.75,14.65,"97,221","Dec 03, 2021"
02-12-2021,15.15,15.60,14.85,15.05,14.95,"63,517","Dec 02, 2021"
01-12-2021,15.10,15.30,14.80,14.85,14.75,"20,930","Dec 01, 2021"
30-11-2021,15.40,15.60,14.75,14.85,14.75,"101,754","Nov 30, 2021"
29-11-2021,15.60,15.65,14.50,14.75,14.65,"78,075","Nov 29, 2021"
26-11-2021,15.65,16.10,15.25,15.45,15.35,"158,381","Nov 26, 2021"
25-11-2021,14.95,16.10,14.95,16.10,16.00,"791,897","Nov 25, 2021"
24-11-2021,14.95,15.10,14.50,14.65,14.55,"57,064","Nov 24, 2021"
23-11-2021,14.45,15.20,14.05,14.60,14.50,"158,050","Nov 23, 2021"
22-11-2021,15.25,15.25,14.25,14.45,14.36,"86,320","Nov 22, 2021"
18-11-2021,15.90,15.90,14.80,14.95,14.85,"175,494","Nov 18, 2021"
17-11-2021,15.60,15.85,15.10,15.60,15.50,"172,783","Nov 17, 2021"
16-11-2021,15.40,15.95,15.00,15.30,15.20,"169,536","Nov 16, 2021"
15-11-2021,15.10,15.80,15.10,15.15,15.05,"109,988","Nov 15, 2021"
12-11-2021,16.55,16.90,15.50,15.60,15.50,"300,176","Nov 12, 2021"
11-11-2021,14.85,16.10,14.50,16.10,16.00,"1,019,484","Nov 11, 2021"
10-11-2021,15.05,15.10,14.55,14.65,14.55,"205,845","Nov 10, 2021"
09-11-2021,15.90,15.90,14.70,14.90,14.80,"276,759","Nov 09, 2021"
08-11-2021,15.85,15.90,15.35,15.70,15.60,"142,061","Nov 08, 2021"
04-11-2021,14.90,15.75,14.50,15.50,15.40,"98,728","Nov 04, 2021"
03-11-2021,15.95,16.00,14.65,14.90,14.80,"207,479","Nov 03, 2021"
02-11-2021,16.00,16.35,15.55,15.70,15.60,"123,112","Nov 02, 2021"
01-11-2021,16.65,16.65,15.80,16.00,15.90,"102,072","Nov 01, 2021"
29-10-2021,16.75,16.90,16.15,16.30,16.19,"177,477","Oct 29, 2021"
28-10-2021,15.30,17.60,15.30,16.45,16.34,"995,406","Oct 28, 2021"
27-10-2021,17.02,17.02,15.49,17.02,16.91,"2,809,347","Oct 27, 2021"
26-10-2021,14.39,15.49,14.39,15.49,15.39,"608,335","Oct 26, 2021"
25-10-2021,14.29,14.51,13.56,14.08,13.99,"256,585","Oct 25, 2021"
22-10-2021,14.39,14.63,13.65,13.93,13.84,"120,354","Oct 22, 2021"
21-10-2021,14.20,14.60,13.77,14.08,13.99,"213,683","Oct 21, 2021"
20-10-2021,13.90,14.08,13.01,13.65,13.56,"66,030","Oct 20, 2021"
19-10-2021,13.90,14.08,13.41,13.44,13.35,"106,771","Oct 19, 2021"
18-10-2021,13.93,14.57,13.77,13.90,13.81,"72,461","Oct 18, 2021"
14-10-2021,14.11,14.51,13.80,13.93,13.84,"89,227","Oct 14, 2021"
13-10-2021,23.55,23.55,22.90,23.05,22.90,"52,764","Oct 13, 2021"
12-10-2021,23.20,23.70,22.60,22.85,22.70,"56,607","Oct 12, 2021"
11-10-2021,23.10,24.00,22.95,23.20,23.05,"79,533","Oct 11, 2021"
08-10-2021,24.05,24.40,22.80,23.10,22.95,"67,803","Oct 08, 2021"
07-10-2021,23.00,24.50,23.00,23.70,23.55,"266,296","Oct 07, 2021"
06-10-2021,23.70,23.90,22.25,22.70,22.55,"118,300","Oct 06, 2021"
05-10-2021,22.95,23.25,22.30,23.10,22.95,"114,486","Oct 05, 2021"
04-10-2021,22.15,22.80,21.65,22.45,22.30,"136,454","Oct 04, 2021"
01-10-2021,22.30,22.30,21.60,21.85,21.71,"11,100","Oct 01, 2021"
30-09-2021,22.35,22.35,21.45,21.90,21.76,"46,932","Sep 30, 2021"
29-09-2021,22.40,22.40,21.55,21.85,21.71,"19,146","Sep 29, 2021"
28-09-2021,21.95,22.40,21.25,22.20,22.06,"57,255","Sep 28, 2021"
27-09-2021,22.35,22.80,21.40,21.70,21.56,"103,323","Sep 27, 2021"
24-09-2021,22.50,23.15,21.80,22.50,22.35,"54,919","Sep 24, 2021"
23-09-2021,23.20,23.25,22.35,22.65,22.50,"44,842","Sep 23, 2021"
22-09-2021,22.90,23.10,22.25,22.65,22.50,"21,647","Sep 22, 2021"
21-09-2021,22.95,23.40,22.25,22.65,22.50,"22,824","Sep 21, 2021"
20-09-2021,23.30,23.90,22.10,22.80,22.65,"134,345","Sep 20, 2021"
17-09-2021,23.10,23.75,22.60,22.80,22.65,"40,900","Sep 17, 2021"
16-09-2021,24.40,24.40,23.30,23.40,23.25,"47,720","Sep 16, 2021"
15-09-2021,24.50,25.00,23.55,24.00,23.84,"63,380","Sep 15, 2021"
14-09-2021,23.95,24.50,23.15,24.25,24.09,"60,241","Sep 14, 2021"
13-09-2021,22.50,23.70,22.50,23.40,23.25,"35,971","Sep 13, 2021"
09-09-2021,22.50,23.45,22.10,22.65,22.50,"33,532","Sep 09, 2021"
08-09-2021,22.75,22.90,21.90,22.50,22.35,"48,371","Sep 08, 2021"
07-09-2021,23.40,23.40,22.55,22.70,22.55,"17,291","Sep 07, 2021"
06-09-2021,23.20,24.00,22.80,23.25,23.10,"33,601","Sep 06, 2021"
03-09-2021,23.35,23.35,22.20,23.20,23.05,"61,347","Sep 03, 2021"
02-09-2021,22.15,22.70,21.50,22.25,22.11,"51,847","Sep 02, 2021"
01-09-2021,22.20,22.75,21.50,21.70,21.56,"44,876","Sep 01, 2021"
31-08-2021,22.45,22.50,21.55,22.20,22.06,"24,488","Aug 31, 2021"
30-08-2021,21.30,22.20,21.30,21.85,21.71,"22,071","Aug 30, 2021"
27-08-2021,21.75,21.75,21.00,21.30,21.16,"13,333","Aug 27, 2021"
26-08-2021,21.40,21.75,20.95,21.45,21.31,"12,764","Aug 26, 2021"
25-08-2021,21.30,21.90,20.60,20.75,20.61,"22,939","Aug 25, 2021"
24-08-2021,20.25,21.35,19.50,21.25,21.11,"51,681","Aug 24, 2021"
23-08-2021,21.05,22.15,20.35,20.35,20.22,"52,334","Aug 23, 2021"
20-08-2021,21.50,22.20,20.95,21.40,21.26,"39,683","Aug 20, 2021"
18-08-2021,22.95,22.95,21.25,21.60,21.46,"25,633","Aug 18, 2021"
17-08-2021,23.20,23.30,22.10,22.20,22.06,"35,097","Aug 17, 2021"
16-08-2021,24.50,24.50,23.05,23.25,23.10,"36,224","Aug 16, 2021"
13-08-2021,23.50,23.80,23.05,23.80,23.64,"53,867","Aug 13, 2021"
12-08-2021,21.95,22.70,21.90,22.70,22.55,"19,873","Aug 12, 2021"
11-08-2021,22.95,22.95,21.65,21.65,21.51,"72,108","Aug 11, 2021"
10-08-2021,23.50,23.85,22.55,22.75,22.60,"81,321","Aug 10, 2021"
09-08-2021,23.65,24.55,23.50,23.70,23.55,"51,966","Aug 09, 2021"
06-08-2021,24.50,24.85,23.80,24.00,23.84,"38,328","Aug 06, 2021"
05-08-2021,24.85,25.00,23.80,24.15,23.99,"71,167","Aug 05, 2021"
04-08-2021,25.50,25.70,24.75,24.95,24.79,"77,551","Aug 04, 2021"
03-08-2021,24.20,25.50,24.00,24.95,24.79,"133,855","Aug 03, 2021"
02-08-2021,24.95,24.95,24.00,24.45,24.29,"102,477","Aug 02, 2021"
30-07-2021,24.85,25.65,24.25,24.60,24.44,"105,672","Jul 30, 2021"
29-07-2021,24.70,25.20,24.10,24.65,24.49,"64,201","Jul 29, 2021"
28-07-2021,24.90,24.90,23.80,24.40,24.24,"51,955","Jul 28, 2021"
27-07-2021,25.20,25.20,24.25,24.40,24.24,"60,291","Jul 27, 2021"
26-07-2021,24.60,25.15,24.30,24.50,24.34,"49,320","Jul 26, 2021"
23-07-2021,24.85,25.45,24.60,24.80,24.64,"44,740","Jul 23, 2021"
23-07-2021,0.061216 Dividend,,,,,,"Jul 23, 2021"
22-07-2021,25.25,25.95,24.70,25.05,24.83,"123,618","Jul 22, 2021"
20-07-2021,25.10,25.75,24.50,24.75,24.53,"97,417","Jul 20, 2021"
19-07-2021,25.25,25.95,25.10,25.50,25.27,"80,713","Jul 19, 2021"
16-07-2021,26.20,26.30,25.70,25.80,25.57,"53,790","Jul 16, 2021"
15-07-2021,26.60,27.30,25.70,25.95,25.72,"304,524","Jul 15, 2021"
14-07-2021,26.25,26.45,25.60,26.20,25.97,"130,494","Jul 14, 2021"
13-07-2021,26.20,27.20,25.40,25.55,25.32,"348,927","Jul 13, 2021"
12-07-2021,26.30,26.35,25.80,26.00,25.77,"106,068","Jul 12, 2021"
09-07-2021,26.15,26.25,25.35,25.50,25.27,"45,012","Jul 09, 2021"
08-07-2021,26.50,26.50,25.40,25.80,25.57,"107,872","Jul 08, 2021"
07-07-2021,26.40,26.40,25.60,26.00,25.77,"66,240","Jul 07, 2021"
06-07-2021,25.80,26.60,25.15,25.70,25.47,"59,101","Jul 06, 2021"
05-07-2021,26.25,26.90,25.65,25.80,25.57,"276,033","Jul 05, 2021"
02-07-2021,26.30,26.30,25.30,25.65,25.42,"73,360","Jul 02, 2021"
01-07-2021,26.10,26.60,25.40,25.60,25.37,"58,988","Jul 01, 2021"
30-06-2021,25.95,26.55,25.90,26.30,26.06,"50,044","Jun 30, 2021"
29-06-2021,25.80,26.50,25.50,25.95,25.72,"79,946","Jun 29, 2021"
28-06-2021,26.60,26.85,25.70,26.15,25.92,"88,491","Jun 28, 2021"
25-06-2021,26.35,27.60,25.80,26.50,26.26,"199,739","Jun 25, 2021"
24-06-2021,26.85,27.05,26.00,26.35,26.11,"66,554","Jun 24, 2021"
23-06-2021,27.95,27.95,26.50,26.65,26.41,"55,313","Jun 23, 2021"
22-06-2021,28.20,28.40,26.70,27.20,26.96,"159,490","Jun 22, 2021"
21-06-2021,25.00,27.05,24.60,27.05,26.81,"200,136","Jun 21, 2021"
18-06-2021,26.20,26.85,24.90,25.80,25.57,"268,914","Jun 18, 2021"
17-06-2021,26.90,27.40,26.20,26.20,25.97,"245,422","Jun 17, 2021"
16-06-2021,29.05,29.05,27.50,27.55,27.30,"68,473","Jun 16, 2021"
15-06-2021,28.30,29.15,28.00,28.10,27.85,"148,094","Jun 15, 2021"
14-06-2021,29.50,29.50,27.25,27.95,27.70,"169,438","Jun 14, 2021"
11-06-2021,27.95,28.65,27.40,28.65,28.39,"330,025","Jun 11, 2021"
10-06-2021,26.00,27.30,26.00,27.30,27.06,"184,627","Jun 10, 2021"
09-06-2021,26.10,26.85,25.50,26.00,25.77,"403,453","Jun 09, 2021"
08-06-2021,25.00,25.80,24.30,25.60,25.37,"219,889","Jun 08, 2021"
07-06-2021,25.00,25.00,24.30,24.65,24.43,"129,971","Jun 07, 2021"
04-06-2021,25.90,26.10,23.90,24.10,23.88,"410,549","Jun 04, 2021"
03-06-2021,24.00,24.90,24.00,24.90,24.68,"131,122","Jun 03, 2021"
02-06-2021,22.85,23.75,22.85,23.75,23.54,"164,132","Jun 02, 2021"
01-06-2021,22.70,23.25,22.05,22.65,22.45,"381,249","Jun 01, 2021"
31-05-2021,25.80,25.85,23.15,23.20,22.99,"838,450","May 31, 2021"
28-05-2021,27.80,28.25,25.15,25.70,25.47,"410,521","May 28, 2021"
27-05-2021,29.70,29.70,27.20,27.70,27.45,"237,818","May 27, 2021"
26-05-2021,29.35,30.15,28.10,28.55,28.29,"194,043","May 26, 2021"
25-05-2021,30.90,30.95,28.40,29.35,29.09,"234,579","May 25, 2021"
24-05-2021,31.45,31.70,29.90,30.50,30.23,"195,164","May 24, 2021"
21-05-2021,30.30,31.70,27.90,30.50,30.23,"440,166","May 21, 2021"
20-05-2021,29.90,32.00,28.50,30.60,30.33,"862,778","May 20, 2021"
19-05-2021,26.10,29.35,26.05,29.35,29.09,"1,369,386","May 19, 2021"
18-05-2021,25.70,27.85,24.30,26.70,26.46,"984,025","May 18, 2021"
17-05-2021,23.45,25.30,23.05,24.80,24.58,"385,660","May 17, 2021"
14-05-2021,23.20,24.25,22.80,23.35,23.14,"372,779","May 14, 2021"
12-05-2021,20.95,23.70,20.50,22.60,22.40,"567,280","May 12, 2021"
11-05-2021,18.50,20.95,18.50,20.30,20.12,"265,001","May 11, 2021"
10-05-2021,18.75,19.20,18.65,18.85,18.68,"75,901","May 10, 2021"
07-05-2021,18.70,19.00,18.40,18.60,18.43,"47,896","May 07, 2021"
06-05-2021,19.00,19.15,18.30,18.70,18.53,"32,738","May 06, 2021"
05-05-2021,18.95,19.40,18.85,18.95,18.78,"82,518","May 05, 2021"
04-05-2021,18.90,19.60,18.75,18.80,18.63,"97,782","May 04, 2021"
03-05-2021,19.25,19.35,18.70,18.90,18.73,"53,701","May 03, 2021"
30-04-2021,18.90,19.25,18.70,19.10,18.93,"54,136","Apr 30, 2021"
29-04-2021,19.45,19.90,19.00,19.10,18.93,"136,901","Apr 29, 2021"
28-04-2021,18.60,19.90,18.25,19.10,18.93,"411,631","Apr 28, 2021"
27-04-2021,18.40,18.65,17.90,18.35,18.19,"68,321","Apr 27, 2021"
26-04-2021,17.90,18.35,17.90,18.10,17.94,"31,209","Apr 26, 2021"
23-04-2021,18.35,18.45,17.80,18.00,17.84,"34,553","Apr 23, 2021"
22-04-2021,17.70,18.70,17.60,18.55,18.38,"121,487","Apr 22, 2021"
20-04-2021,17.50,18.40,17.15,17.70,17.54,"106,764","Apr 20, 2021"
19-04-2021,16.90,17.55,16.80,17.15,17.00,"61,567","Apr 19, 2021"
16-04-2021,18.70,18.70,17.80,18.05,17.89,"40,053","Apr 16, 2021"
15-04-2021,17.85,19.00,17.60,18.30,18.14,"34,872","Apr 15, 2021"
13-04-2021,18.60,18.80,17.60,18.40,18.24,"73,328","Apr 13, 2021"
12-04-2021,18.80,18.90,17.00,18.60,18.43,"265,104","Apr 12, 2021"
09-04-2021,17.30,19.90,16.85,19.00,18.83,"679,567","Apr 09, 2021"
08-04-2021,17.20,17.70,16.90,16.95,16.80,"194,458","Apr 08, 2021"
07-04-2021,17.00,17.30,15.55,17.20,17.05,"100,517","Apr 07, 2021"
06-04-2021,16.60,17.90,16.20,16.80,16.65,"78,693","Apr 06, 2021"
05-04-2021,17.30,17.70,16.20,16.60,16.45,"84,496","Apr 05, 2021"
01-04-2021,16.30,17.15,16.20,17.00,16.85,"92,250","Apr 01, 2021"
31-03-2021,16.50,17.30,14.50,15.75,15.61,"159,810","Mar 31, 2021"
30-03-2021,17.25,17.40,16.05,16.60,16.45,"194,211","Mar 30, 2021"
26-03-2021,17.80,18.25,16.70,17.90,17.74,"95,356","Mar 26, 2021"
25-03-2021,18.40,18.80,17.05,17.50,17.34,"118,467","Mar 25, 2021"
24-03-2021,19.20,19.80,18.90,19.10,18.93,"114,574","Mar 24, 2021"
23-03-2021,21.10,21.10,20.00,20.10,19.92,"35,083","Mar 23, 2021"
22-03-2021,20.75,20.75,19.90,20.00,19.82,"26,311","Mar 22, 2021"
19-03-2021,19.95,20.75,19.25,20.60,20.42,"24,424","Mar 19, 2021"
18-03-2021,20.50,21.20,19.90,20.30,20.12,"39,817","Mar 18, 2021"
17-03-2021,19.90,21.50,19.90,20.60,20.42,"161,842","Mar 17, 2021"
16-03-2021,23.80,23.80,19.50,19.90,19.72,"433,660","Mar 16, 2021"
15-03-2021,23.30,23.55,22.45,22.75,22.55,"25,531","Mar 15, 2021"
12-03-2021,23.25,23.95,23.10,23.40,23.19,"34,181","Mar 12, 2021"
10-03-2021,23.30,24.25,22.90,23.65,23.44,"61,485","Mar 10, 2021"
09-03-2021,23.90,24.10,23.30,23.45,23.24,"71,780","Mar 09, 2021"
08-03-2021,24.65,24.65,23.00,23.40,23.19,"131,483","Mar 08, 2021"
05-03-2021,24.80,24.95,23.90,24.25,24.03,"56,982","Mar 05, 2021"
04-03-2021,25.40,25.80,24.20,24.50,24.28,"145,470","Mar 04, 2021"
03-03-2021,25.90,26.00,24.10,24.55,24.33,"78,540","Mar 03, 2021"
02-03-2021,26.65,26.65,25.20,25.45,25.22,"56,970","Mar 02, 2021"
01-03-2021,24.20,26.50,24.10,26.05,25.82,"99,096","Mar 01, 2021"
26-02-2021,24.50,25.00,23.75,24.80,24.58,"53,258","Feb 26, 2021"
25-02-2021,25.25,25.30,24.70,24.85,24.63,"30,544","Feb 25, 2021"
24-02-2021,25.30,26.30,24.40,25.00,24.78,"29,460","Feb 24, 2021"
23-02-2021,26.05,26.80,25.00,25.50,25.27,"52,091","Feb 23, 2021"
22-02-2021,26.00,26.60,25.20,26.15,25.92,"41,060","Feb 22, 2021"
19-02-2021,27.00,27.20,25.40,26.05,25.82,"97,101","Feb 19, 2021"
18-02-2021,28.85,28.90,27.25,27.70,27.45,"79,685","Feb 18, 2021"
17-02-2021,26.80,28.30,26.20,28.25,28.00,"279,850","Feb 17, 2021"
16-02-2021,23.59,24.04,22.09,23.59,23.38,"179,010","Feb 16, 2021"
15-02-2021,22.09,24.38,22.09,23.33,23.12,"518,799","Feb 15, 2021"
12-02-2021,22.31,22.95,21.45,21.71,21.52,"42,291","Feb 12, 2021"
11-02-2021,22.09,22.43,21.98,22.20,22.00,"29,306","Feb 11, 2021"
10-02-2021,22.01,22.46,21.86,22.13,21.93,"21,925","Feb 10, 2021"
09-02-2021,21.60,22.54,21.60,22.31,22.12,"128,739","Feb 09, 2021"
08-02-2021,21.79,21.79,21.34,21.49,21.30,"45,463","Feb 08, 2021"
05-02-2021,21.60,22.50,21.60,21.79,21.59,"70,105","Feb 05, 2021"
04-02-2021,21.38,21.90,21.07,21.26,21.07,"44,208","Feb 04, 2021"
03-02-2021,21.53,22.16,21.30,21.38,21.18,"27,879","Feb 03, 2021"
02-02-2021,21.71,21.94,21.19,21.49,21.30,"45,943","Feb 02, 2021"
01-02-2021,22.24,22.24,20.59,21.11,20.92,"36,157","Feb 01, 2021"
29-01-2021,21.11,22.16,21.11,21.19,21.00,"17,114","Jan 29, 2021"
28-01-2021,20.66,21.60,20.36,21.11,20.92,"28,487","Jan 28, 2021"
27-01-2021,22.01,22.01,20.77,21.00,20.81,"32,791","Jan 27, 2021"
25-01-2021,22.39,22.73,21.19,21.38,21.18,"74,555","Jan 25, 2021"
22-01-2021,22.31,23.07,19.68,22.24,22.04,"154,075","Jan 22, 2021"
21-01-2021,21.60,22.65,21.49,21.68,21.48,"50,828","Jan 21, 2021"
20-01-2021,22.50,22.62,21.86,21.98,21.78,"41,395","Jan 20, 2021"
19-01-2021,22.16,23.52,21.86,22.16,21.97,"55,921","Jan 19, 2021"
18-01-2021,22.58,23.10,21.30,22.05,21.85,"46,143","Jan 18, 2021"
15-01-2021,24.04,24.04,22.65,22.80,22.60,"71,515","Jan 15, 2021"
14-01-2021,23.59,24.42,23.29,23.55,23.34,"62,229","Jan 14, 2021"
13-01-2021,24.34,24.72,23.70,24.23,24.01,"104,554","Jan 13, 2021"
12-01-2021,24.34,24.79,23.59,23.89,23.68,"93,577","Jan 12, 2021"
11-01-2021,25.55,25.55,23.89,24.72,24.50,"97,582","Jan 11, 2021"
08-01-2021,25.85,26.45,24.87,25.17,24.94,"186,059","Jan 08, 2021"
07-01-2021,23.67,25.85,23.52,25.51,25.28,"1,207,095","Jan 07, 2021"
06-01-2021,23.70,23.97,23.29,23.52,23.31,"82,726","Jan 06, 2021"
05-01-2021,22.95,23.97,22.92,23.59,23.38,"67,121","Jan 05, 2021"
04-01-2021,23.10,23.89,22.84,23.22,23.01,"79,621","Jan 04, 2021"
01-01-2021,22.99,23.44,22.69,23.03,22.82,"40,525","Jan 01, 2021"
31-12-2020,23.14,23.74,22.73,22.92,22.71,"105,188","Dec 31, 2020"
30-12-2020,24.01,24.04,22.62,23.14,22.93,"405,445","Dec 30, 2020"
29-12-2020,24.34,24.72,23.48,23.59,23.38,"124,183","Dec 29, 2020"
28-12-2020,22.95,25.09,22.95,24.61,24.39,"588,888","Dec 28, 2020"
24-12-2020,23.37,24.04,22.58,22.95,22.75,"124,236","Dec 24, 2020"
23-12-2020,23.07,23.59,22.54,23.14,22.93,"155,657","Dec 23, 2020"
22-12-2020,22.13,22.28,19.95,21.90,21.71,"74,085","Dec 22, 2020"
21-12-2020,23.59,23.67,21.60,21.75,21.56,"128,860","Dec 21, 2020"
18-12-2020,22.31,24.53,20.32,23.97,23.75,"430,314","Dec 18, 2020"
17-12-2020,22.65,23.10,22.20,22.31,22.12,"55,429","Dec 17, 2020"
16-12-2020,22.77,23.67,22.65,22.95,22.75,"53,941","Dec 16, 2020"
15-12-2020,23.48,24.01,22.20,22.80,22.60,"112,322","Dec 15, 2020"
14-12-2020,25.13,25.13,22.69,23.48,23.27,"325,455","Dec 14, 2020"
11-12-2020,23.48,23.48,23.48,23.48,23.27,"250,879","Dec 11, 2020"
10-12-2020,21.04,21.83,20.21,21.38,21.18,"245,324","Dec 10, 2020"
09-12-2020,20.81,20.81,19.72,19.87,19.70,"44,900","Dec 09, 2020"
08-12-2020,21.38,21.64,19.42,19.99,19.81,"120,058","Dec 08, 2020"
07-12-2020,21.34,21.34,20.62,21.19,21.00,"56,265","Dec 07, 2020"
04-12-2020,20.77,21.34,20.10,20.55,20.37,"58,325","Dec 04, 2020"
03-12-2020,21.23,21.30,19.99,20.32,20.14,"52,743","Dec 03, 2020"
02-12-2020,20.89,20.89,20.14,20.74,20.55,"94,133","Dec 02, 2020"
01-12-2020,19.23,19.91,19.01,19.91,19.73,"53,878","Dec 01, 2020"
27-11-2020,19.99,20.14,18.56,18.97,18.80,"84,397","Nov 27, 2020"
26-11-2020,19.42,19.84,19.01,19.35,19.17,"21,369","Nov 26, 2020"
25-11-2020,19.99,19.99,18.78,19.20,19.02,"28,723","Nov 25, 2020"
24-11-2020,19.53,19.99,18.26,19.12,18.95,"45,437","Nov 24, 2020"
23-11-2020,19.87,19.87,18.52,19.05,18.88,"59,822","Nov 23, 2020"
20-11-2020,19.53,20.47,19.05,19.08,18.91,"120,791","Nov 20, 2020"
19-11-2020,20.06,21.34,19.76,20.02,19.84,"179,251","Nov 19, 2020"
18-11-2020,19.76,20.77,19.65,20.77,20.59,"238,966","Nov 18, 2020"
17-11-2020,17.58,18.90,17.54,18.90,18.73,"224,595","Nov 17, 2020"
14-11-2020,16.75,17.73,15.48,17.21,17.05,"228,203","Nov 14, 2020"
13-11-2020,16.64,16.91,16.15,16.34,16.20,"89,655","Nov 13, 2020"
12-11-2020,16.15,17.28,15.85,16.68,16.53,"96,453","Nov 12, 2020"
11-11-2020,16.15,16.83,15.21,16.49,16.34,"74,125","Nov 11, 2020"
10-11-2020,15.89,16.83,15.82,16.42,16.27,"50,556","Nov 10, 2020"
09-11-2020,16.91,16.91,15.59,16.23,16.08,"16,774","Nov 09, 2020"
06-11-2020,15.78,16.91,15.44,16.12,15.97,"58,768","Nov 06, 2020"
05-11-2020,15.48,15.89,15.29,15.40,15.26,"36,958","Nov 05, 2020"
04-11-2020,15.55,15.78,15.18,15.21,15.08,"17,502","Nov 04, 2020"
03-11-2020,15.52,16.04,15.48,15.63,15.49,"12,660","Nov 03, 2020"
02-11-2020,15.52,16.15,15.40,15.74,15.60,"21,075","Nov 02, 2020"
30-10-2020,15.89,16.23,15.40,15.85,15.71,"10,014","Oct 30, 2020"
29-10-2020,15.52,16.34,15.21,15.59,15.45,"16,796","Oct 29, 2020"
28-10-2020,15.74,16.27,15.63,16.19,16.05,"11,942","Oct 28, 2020"
27-10-2020,16.57,16.57,15.59,15.70,15.56,"33,692","Oct 27, 2020"
26-10-2020,16.00,16.45,15.44,15.85,15.71,"23,502","Oct 26, 2020"
23-10-2020,16.15,16.42,15.21,15.97,15.82,"45,677","Oct 23, 2020"
22-10-2020,15.44,16.12,15.18,15.78,15.64,"15,457","Oct 22, 2020"
21-10-2020,15.36,16.15,15.10,15.63,15.49,"15,133","Oct 21, 2020"
20-10-2020,15.29,15.59,14.84,15.03,14.89,"45,413","Oct 20, 2020"
19-10-2020,15.93,16.08,14.95,15.25,15.12,"39,481","Oct 19, 2020"
16-10-2020,15.70,16.53,15.33,15.93,15.79,"37,179","Oct 16, 2020"
15-10-2020,16.23,16.53,14.54,15.70,15.56,"21,697","Oct 15, 2020"
14-10-2020,16.27,16.87,15.18,15.89,15.75,"20,603","Oct 14, 2020"
13-10-2020,17.24,17.24,16.34,16.45,16.31,"33,328","Oct 13, 2020"
12-10-2020,16.75,17.51,16.72,16.98,16.83,"14,683","Oct 12, 2020"
09-10-2020,16.91,17.39,16.53,16.98,16.83,"16,333","Oct 09, 2020"
08-10-2020,16.79,17.21,16.53,16.94,16.79,"8,695","Oct 08, 2020"
07-10-2020,17.73,17.73,16.79,16.79,16.64,"65,844","Oct 07, 2020"
06-10-2020,19.23,19.23,17.66,17.66,17.50,"165,793","Oct 06, 2020"
05-10-2020,17.81,18.63,17.39,18.56,18.39,"110,562","Oct 05, 2020"
01-10-2020,17.39,18.41,17.39,18.07,17.91,"33,015","Oct 01, 2020"
30-09-2020,18.22,18.22,17.51,17.81,17.65,"11,648","Sep 30, 2020"
29-09-2020,18.03,18.60,17.66,18.07,17.91,"44,833","Sep 29, 2020"
28-09-2020,17.39,17.84,17.28,17.73,17.57,"35,771","Sep 28, 2020"
25-09-2020,16.91,17.24,16.27,17.02,16.87,"9,911","Sep 25, 2020"
24-09-2020,17.06,17.06,16.30,16.45,16.31,"10,739","Sep 24, 2020"
23-09-2020,17.81,17.92,16.91,17.06,16.90,"58,458","Sep 23, 2020"
22-09-2020,17.54,17.84,16.60,17.54,17.39,"32,711","Sep 22, 2020"
21-09-2020,18.14,18.41,17.17,17.21,17.05,"16,247","Sep 21, 2020"
21-09-2020,0.045993 Dividend,,,,,,"Sep 21, 2020"
18-09-2020,18.22,18.41,17.54,18.14,17.94,"58,598","Sep 18, 2020"
17-09-2020,17.77,18.26,17.13,17.62,17.42,"57,455","Sep 17, 2020"
16-09-2020,16.94,17.77,16.34,17.69,17.49,"172,833","Sep 16, 2020"
15-09-2020,17.69,17.69,16.75,16.94,16.75,"99,504","Sep 15, 2020"
14-09-2020,18.48,18.48,17.32,17.39,17.19,"58,123","Sep 14, 2020"
11-09-2020,18.03,18.56,17.32,17.88,17.68,"30,767","Sep 11, 2020"
10-09-2020,17.66,17.88,17.06,17.84,17.64,"118,417","Sep 10, 2020"
09-09-2020,18.03,18.41,17.02,17.06,16.86,"60,572","Sep 09, 2020"
08-09-2020,18.82,19.05,17.88,17.88,17.68,"93,384","Sep 08, 2020"
07-09-2020,18.90,19.16,18.29,18.82,18.61,"41,653","Sep 07, 2020"
04-09-2020,18.71,19.23,18.26,18.71,18.49,"48,674","Sep 04, 2020"
03-09-2020,19.53,19.53,18.45,18.75,18.53,"49,607","Sep 03, 2020"
02-09-2020,19.53,19.84,18.63,19.12,18.90,"48,198","Sep 02, 2020"
01-09-2020,19.53,19.91,17.92,19.12,18.90,"144,644","Sep 01, 2020"
31-08-2020,21.41,22.31,19.61,19.61,19.39,"162,675","Aug 31, 2020"
28-08-2020,24.42,25.77,21.75,21.75,21.50,"1,575,017","Aug 28, 2020"
27-08-2020,24.64,24.64,23.74,24.16,23.88,"90,392","Aug 27, 2020"
26-08-2020,24.42,24.87,23.55,23.93,23.66,"57,176","Aug 26, 2020"
25-08-2020,23.89,24.94,22.92,24.16,23.88,"126,099","Aug 25, 2020"
24-08-2020,25.73,25.73,23.37,23.74,23.47,"123,022","Aug 24, 2020"
21-08-2020,27.05,27.12,24.38,24.94,24.66,"713,634","Aug 21, 2020"
20-08-2020,19.91,24.68,19.91,24.68,24.40,"365,173","Aug 20, 2020"
19-08-2020,18.78,21.19,18.18,20.59,20.35,"466,586","Aug 19, 2020"
18-08-2020,17.39,19.50,16.64,18.52,18.31,"181,812","Aug 18, 2020"
17-08-2020,17.28,17.43,16.27,16.91,16.71,"25,605","Aug 17, 2020"
14-08-2020,16.94,17.88,16.53,16.83,16.64,"49,554","Aug 14, 2020"
13-08-2020,17.43,17.43,15.89,16.79,16.60,"48,039","Aug 13, 2020"
12-08-2020,17.81,17.81,16.57,16.91,16.71,"51,396","Aug 12, 2020"
11-08-2020,18.52,18.93,16.72,17.36,17.16,"54,150","Aug 11, 2020"
10-08-2020,17.28,18.56,16.15,17.88,17.68,"164,347","Aug 10, 2020"
07-08-2020,15.85,17.28,15.40,16.68,16.49,"105,877","Aug 07, 2020"
06-08-2020,14.88,15.74,14.84,15.52,15.34,"25,344","Aug 06, 2020"
05-08-2020,14.69,15.78,14.65,15.06,14.89,"27,147","Aug 05, 2020"
04-08-2020,14.95,15.40,14.46,15.06,14.89,"25,476","Aug 04, 2020"
03-08-2020,14.65,14.95,13.71,14.69,14.52,"14,956","Aug 03, 2020"
31-07-2020,14.99,15.03,14.31,14.39,14.22,"13,975","Jul 31, 2020"
30-07-2020,15.36,15.67,14.31,14.73,14.56,"30,342","Jul 30, 2020"
29-07-2020,15.03,15.59,14.69,14.76,14.59,"19,444","Jul 29, 2020"
28-07-2020,15.78,15.89,14.80,14.95,14.78,"23,033","Jul 28, 2020"
27-07-2020,15.97,15.97,15.33,15.55,15.37,"18,698","Jul 27, 2020"
24-07-2020,15.55,16.87,15.14,15.70,15.52,"85,441","Jul 24, 2020"
23-07-2020,16.30,16.30,15.52,15.78,15.60,"14,829","Jul 23, 2020"
22-07-2020,15.89,17.06,15.63,15.70,15.52,"23,961","Jul 22, 2020"
21-07-2020,16.45,17.06,15.63,16.27,16.08,"51,971","Jul 21, 2020"
20-07-2020,15.21,16.53,14.84,15.93,15.75,"30,757","Jul 20, 2020"
17-07-2020,15.55,15.70,14.65,15.03,14.85,"19,204","Jul 17, 2020"
16-07-2020,15.55,16.04,14.05,15.10,14.93,"26,735","Jul 16, 2020"
15-07-2020,16.79,16.94,14.65,15.21,15.04,"23,406","Jul 15, 2020"
14-07-2020,16.38,16.72,15.70,16.04,15.86,"14,451","Jul 14, 2020"
13-07-2020,16.60,17.54,16.38,16.75,16.56,"23,306","Jul 13, 2020"
10-07-2020,17.28,17.51,16.15,17.17,16.97,"59,286","Jul 10, 2020"
09-07-2020,17.24,17.28,16.53,17.09,16.90,"24,749","Jul 09, 2020"
08-07-2020,17.09,17.73,16.19,16.91,16.71,"91,461","Jul 08, 2020"
07-07-2020,16.15,17.17,15.85,16.79,16.60,"43,985","Jul 07, 2020"
06-07-2020,17.39,17.99,16.23,16.60,16.41,"119,154","Jul 06, 2020"
03-07-2020,15.59,17.02,15.48,17.02,16.82,"164,078","Jul 03, 2020"
02-07-2020,15.67,15.93,15.44,15.48,15.30,"34,545","Jul 02, 2020"
01-07-2020,16.53,16.72,15.40,15.67,15.49,"116,262","Jul 01, 2020"
30-06-2020,16.49,16.49,14.99,15.52,15.34,"17,631","Jun 30, 2020"
29-06-2020,16.49,16.49,15.40,15.67,15.49,"19,614","Jun 29, 2020"
26-06-2020,16.42,16.68,15.89,16.15,15.97,"36,158","Jun 26, 2020"
25-06-2020,16.45,16.83,15.85,16.27,16.08,"17,467","Jun 25, 2020"
24-06-2020,17.21,17.32,16.19,16.45,16.27,"40,553","Jun 24, 2020"
23-06-2020,16.19,17.62,16.19,16.94,16.75,"102,453","Jun 23, 2020"
22-06-2020,15.93,16.79,15.78,16.27,16.08,"40,060","Jun 22, 2020"
19-06-2020,16.60,17.09,15.97,16.12,15.93,"33,146","Jun 19, 2020"
18-06-2020,16.53,17.17,15.40,16.60,16.41,"57,342","Jun 18, 2020"
17-06-2020,15.59,16.49,15.03,15.97,15.78,"34,768","Jun 17, 2020"
16-06-2020,15.06,16.94,14.95,15.48,15.30,"104,088","Jun 16, 2020"
15-06-2020,14.35,15.52,14.31,15.44,15.26,"9,944","Jun 15, 2020"
12-06-2020,14.24,16.30,13.64,14.91,14.74,"26,695","Jun 12, 2020"
11-06-2020,15.48,15.82,14.73,14.95,14.78,"12,678","Jun 11, 2020"
10-06-2020,15.59,16.49,14.31,14.73,14.56,"31,510","Jun 10, 2020"
09-06-2020,15.21,16.53,14.69,15.25,15.08,"47,888","Jun 09, 2020"
08-06-2020,15.70,16.12,15.70,16.08,15.89,"40,386","Jun 08, 2020"
05-06-2020,13.94,14.95,13.60,14.65,14.48,"32,036","Jun 05, 2020"
04-06-2020,14.24,14.43,13.45,13.94,13.78,"15,067","Jun 04, 2020"
03-06-2020,13.15,13.79,13.00,13.75,13.59,"32,656","Jun 03, 2020"
02-06-2020,12.74,13.45,12.74,13.15,13.00,"12,263","Jun 02, 2020"
01-06-2020,13.15,13.52,12.51,12.96,12.81,"12,009","Jun 01, 2020"
29-05-2020,12.32,13.37,12.32,13.07,12.92,"12,843","May 29, 2020"
28-05-2020,12.85,12.85,12.25,12.77,12.63,"13,698","May 28, 2020"
27-05-2020,11.95,12.25,11.95,12.25,12.11,"6,543","May 27, 2020"
26-05-2020,10.89,11.76,10.89,11.68,11.55,"10,345","May 26, 2020"
22-05-2020,11.50,12.02,11.19,11.23,11.10,"8,729","May 22, 2020"
21-05-2020,11.42,12.25,11.42,11.76,11.62,"3,541","May 21, 2020"
20-05-2020,11.83,12.32,11.65,11.68,11.55,"3,913","May 20, 2020"
19-05-2020,12.70,12.70,11.83,11.83,11.70,"7,121","May 19, 2020"
18-05-2020,12.74,12.74,12.32,12.43,12.29,"12,790","May 18, 2020"
15-05-2020,12.58,13.41,12.58,12.96,12.81,"9,822","May 15, 2020"
14-05-2020,12.77,13.82,12.77,13.04,12.89,"9,262","May 14, 2020"
13-05-2020,13.52,13.52,12.74,13.26,13.11,"8,097","May 13, 2020"
12-05-2020,13.49,13.52,12.55,13.11,12.96,"14,066","May 12, 2020"
11-05-2020,13.64,13.64,12.58,13.11,12.96,"6,336","May 11, 2020"
08-05-2020,12.70,13.26,12.10,13.00,12.85,"36,184","May 08, 2020"
07-05-2020,12.70,12.70,11.72,12.66,12.51,"12,078","May 07, 2020"
06-05-2020,12.10,12.10,11.12,12.10,11.96,"17,776","May 06, 2020"
05-05-2020,11.27,12.36,11.27,11.53,11.40,"8,921","May 05, 2020"
04-05-2020,11.80,12.17,11.80,11.80,11.66,"7,669","May 04, 2020"
30-04-2020,12.25,13.07,12.06,12.40,12.26,"17,463","Apr 30, 2020"
29-04-2020,13.15,13.15,12.51,12.58,12.44,"22,117","Apr 29, 2020"
28-04-2020,13.90,13.90,12.62,13.15,13.00,"58,660","Apr 28, 2020"
27-04-2020,13.26,13.26,13.26,13.26,13.11,"3,431","Apr 27, 2020"
24-04-2020,12.66,12.66,12.36,12.66,12.51,"13,237","Apr 24, 2020"
23-04-2020,12.02,12.06,11.50,12.06,11.92,"8,776","Apr 23, 2020"
22-04-2020,11.50,11.50,11.04,11.50,11.36,"10,332","Apr 22, 2020"
21-04-2020,11.38,11.38,10.56,10.97,10.84,"42,059","Apr 21, 2020"
20-04-2020,10.86,10.86,10.86,10.86,10.73,"1,780","Apr 20, 2020"
17-04-2020,10.37,10.37,10.29,10.37,10.25,"8,395","Apr 17, 2020"
16-04-2020,9.80,10.11,9.47,9.88,9.77,"29,084","Apr 16, 2020"
15-04-2020,9.58,10.03,9.58,9.96,9.84,"26,627","Apr 15, 2020"
13-04-2020,10.33,10.33,9.43,9.58,9.47,"18,278","Apr 13, 2020"
09-04-2020,9.77,9.84,9.47,9.84,9.73,"21,598","Apr 09, 2020"
08-04-2020,9.50,9.54,8.68,9.39,9.28,"19,973","Apr 08, 2020"
07-04-2020,9.09,9.09,8.53,9.09,8.99,"11,876","Apr 07, 2020"
03-04-2020,8.41,8.68,8.38,8.68,8.58,"6,053","Apr 03, 2020"
01-04-2020,8.19,8.26,7.74,8.26,8.17,"30,138","Apr 01, 2020"
31-03-2020,7.81,7.93,7.70,7.89,7.80,"13,780","Mar 31, 2020"
30-03-2020,7.36,7.81,7.14,7.55,7.46,"10,199","Mar 30, 2020"
27-03-2020,7.48,7.55,7.21,7.51,7.43,"24,825","Mar 27, 2020"
26-03-2020,6.76,7.21,6.61,7.21,7.13,"15,830","Mar 26, 2020"
25-03-2020,7.14,7.18,6.80,6.87,6.80,"37,891","Mar 25, 2020"
24-03-2020,7.14,7.63,7.14,7.14,7.06,"25,336","Mar 24, 2020"
23-03-2020,7.51,8.19,7.48,7.48,7.39,"9,657","Mar 23, 2020"
20-03-2020,7.89,8.26,7.85,7.85,7.76,"25,645","Mar 20, 2020"
19-03-2020,8.30,8.30,8.23,8.23,8.13,"8,944","Mar 19, 2020"
18-03-2020,9.02,9.02,8.57,8.64,8.54,"12,729","Mar 18, 2020"
17-03-2020,9.77,9.77,8.98,8.98,8.88,"24,694","Mar 17, 2020"
16-03-2020,9.43,9.80,9.43,9.43,9.32,"11,739","Mar 16, 2020"
13-03-2020,9.17,10.07,9.17,9.92,9.80,"29,607","Mar 13, 2020"
12-03-2020,10.11,10.14,9.62,9.62,9.51,"7,265","Mar 12, 2020"
11-03-2020,9.99,10.52,9.99,10.11,9.99,"85,296","Mar 11, 2020"
09-03-2020,10.56,10.82,10.48,10.48,10.36,"18,520","Mar 09, 2020"
06-03-2020,10.86,11.98,10.86,11.01,10.88,"23,595","Mar 06, 2020"
05-03-2020,11.12,11.50,10.93,11.42,11.29,"5,353","Mar 05, 2020"
04-03-2020,11.27,11.87,10.78,10.97,10.84,"18,851","Mar 04, 2020"
03-03-2020,11.72,11.98,11.27,11.35,11.22,"4,671","Mar 03, 2020"
02-03-2020,11.65,12.36,11.35,11.53,11.40,"5,989","Mar 02, 2020"
28-02-2020,12.02,12.43,11.65,11.80,11.66,"7,474","Feb 28, 2020"
27-02-2020,12.74,12.74,11.65,12.25,12.11,"29,350","Feb 27, 2020"
26-02-2020,12.10,12.70,12.06,12.25,12.11,"11,064","Feb 26, 2020"
25-02-2020,12.81,13.11,12.25,12.32,12.18,"15,095","Feb 25, 2020"
24-02-2020,13.15,13.82,12.70,12.89,12.74,"13,035","Feb 24, 2020"
20-02-2020,13.75,13.90,13.00,13.34,13.18,"17,266","Feb 20, 2020"
19-02-2020,13.34,14.24,13.15,13.56,13.41,"43,559","Feb 19, 2020"
18-02-2020,13.79,14.01,13.52,13.60,13.44,"19,812","Feb 18, 2020"
17-02-2020,19.60,20.65,18.90,18.90,18.68,"18,094","Feb 17, 2020"
14-02-2020,20.90,20.90,19.60,19.85,19.62,"14,578","Feb 14, 2020"
13-02-2020,20.40,20.90,20.20,20.20,19.97,"7,295","Feb 13, 2020"
12-02-2020,20.20,20.60,20.00,20.20,19.97,"8,137","Feb 12, 2020"
11-02-2020,20.35,21.10,20.00,20.25,20.02,"14,494","Feb 11, 2020"
10-02-2020,20.55,21.80,20.05,20.35,20.12,"14,830","Feb 10, 2020"
07-02-2020,21.80,22.15,21.05,21.05,20.81,"11,270","Feb 07, 2020"
06-02-2020,21.00,21.90,21.00,21.90,21.65,"12,628","Feb 06, 2020"
05-02-2020,22.00,22.30,20.85,20.90,20.66,"10,506","Feb 05, 2020"
04-02-2020,20.30,21.70,20.30,21.70,21.45,"20,206","Feb 04, 2020"
03-02-2020,20.80,21.40,20.70,20.70,20.46,"16,569","Feb 03, 2020"
31-01-2020,23.15,24.00,22.85,22.85,22.59,"18,560","Jan 31, 2020"
30-01-2020,24.25,24.50,23.05,24.05,23.77,"9,792","Jan 30, 2020"
29-01-2020,24.80,24.80,23.60,24.25,23.97,"9,123","Jan 29, 2020"
28-01-2020,24.60,24.90,24.35,24.80,24.52,"13,817","Jan 28, 2020"
27-01-2020,25.20,25.20,23.65,23.75,23.48,"14,594","Jan 27, 2020"
24-01-2020,24.95,25.55,23.50,24.85,24.57,"13,749","Jan 24, 2020"
23-01-2020,24.10,25.30,24.10,24.55,24.27,"7,592","Jan 23, 2020"
22-01-2020,24.40,25.15,24.30,24.45,24.17,"5,582","Jan 22, 2020"
21-01-2020,25.65,25.90,24.50,24.65,24.37,"10,353","Jan 21, 2020"
20-01-2020,26.95,26.95,25.25,25.70,25.41,"7,089","Jan 20, 2020"
17-01-2020,26.00,27.00,25.85,26.30,26.00,"9,441","Jan 17, 2020"
16-01-2020,27.45,27.45,26.00,26.25,25.95,"19,074","Jan 16, 2020"
15-01-2020,27.20,28.20,26.15,26.80,26.49,"49,096","Jan 15, 2020"
14-01-2020,26.65,27.30,26.50,27.30,26.99,"56,703","Jan 14, 2020"
13-01-2020,23.70,25.50,23.70,24.85,24.57,"15,404","Jan 13, 2020"
10-01-2020,25.00,25.05,23.25,23.95,23.68,"26,622","Jan 10, 2020"
09-01-2020,23.40,24.45,22.65,24.05,23.77,"34,559","Jan 09, 2020"
08-01-2020,22.10,23.35,22.05,22.70,22.44,"9,632","Jan 08, 2020"
07-01-2020,23.60,23.65,22.30,22.90,22.64,"8,126","Jan 07, 2020"
06-01-2020,23.95,23.95,21.45,22.15,21.90,"30,756","Jan 06, 2020"
03-01-2020,21.70,23.25,20.15,23.05,22.79,"70,639","Jan 03, 2020"
02-01-2020,20.35,21.85,19.25,21.15,20.91,"26,940","Jan 02, 2020"
01-01-2020,20.00,20.60,20.00,20.35,20.12,"8,271","Jan 01, 2020"
31-12-2019,20.15,20.55,19.75,20.00,19.77,"10,752","Dec 31, 2019"
30-12-2019,19.20,20.00,19.20,20.00,19.77,"10,833","Dec 30, 2019"
27-12-2019,19.70,19.70,18.70,19.20,18.98,"7,619","Dec 27, 2019"
26-12-2019,19.00,19.60,19.00,19.35,19.13,"11,019","Dec 26, 2019"
24-12-2019,19.35,19.85,18.90,18.95,18.73,"10,458","Dec 24, 2019"
23-12-2019,19.15,19.55,19.15,19.35,19.13,"4,197","Dec 23, 2019"
20-12-2019,19.75,19.90,19.05,19.15,18.93,"12,206","Dec 20, 2019"
19-12-2019,19.90,20.00,19.05,19.20,18.98,"8,425","Dec 19, 2019"
18-12-2019,19.45,20.25,19.00,19.85,19.62,"10,585","Dec 18, 2019"
17-12-2019,19.35,19.85,19.30,19.30,19.08,"14,544","Dec 17, 2019"
16-12-2019,20.00,20.05,19.20,19.85,19.62,"11,500","Dec 16, 2019"
13-12-2019,19.35,20.00,19.00,19.85,19.62,"5,377","Dec 13, 2019"
12-12-2019,19.15,20.10,19.00,19.85,19.62,"5,280","Dec 12, 2019"
11-12-2019,19.25,20.10,19.15,19.40,19.18,"11,319","Dec 11, 2019"
10-12-2019,19.90,20.25,19.10,19.90,19.67,"5,424","Dec 10, 2019"
09-12-2019,19.50,19.95,18.55,19.45,19.23,"7,188","Dec 09, 2019"
06-12-2019,20.70,21.15,18.55,19.85,19.62,"11,183","Dec 06, 2019"
05-12-2019,20.60,21.20,20.25,20.50,20.27,"5,357","Dec 05, 2019"
04-12-2019,20.85,20.95,20.50,20.50,20.27,"5,699","Dec 04, 2019"
03-12-2019,21.30,21.85,20.60,20.75,20.51,"10,430","Dec 03, 2019"
02-12-2019,21.00,21.90,21.00,21.20,20.96,"3,784","Dec 02, 2019"
29-11-2019,21.75,21.95,21.10,21.55,21.30,"2,358","Nov 29, 2019"
28-11-2019,22.00,22.40,21.40,21.75,21.50,"11,886","Nov 28, 2019"
27-11-2019,22.30,23.00,22.00,22.00,21.75,"13,649","Nov 27, 2019"
26-11-2019,22.00,23.00,21.80,22.65,22.39,"22,461","Nov 26, 2019"
25-11-2019,22.20,22.30,21.25,21.95,21.70,"7,725","Nov 25, 2019"
22-11-2019,22.40,22.90,21.20,22.20,21.95,"17,894","Nov 22, 2019"
21-11-2019,22.75,22.75,21.85,21.90,21.65,"7,452","Nov 21, 2019"
20-11-2019,21.50,22.50,21.30,22.10,21.85,"16,759","Nov 20, 2019"
19-11-2019,21.80,22.10,20.90,21.85,21.60,"7,683","Nov 19, 2019"
18-11-2019,21.60,22.00,21.25,21.80,21.55,"9,130","Nov 18, 2019"
15-11-2019,21.00,21.90,20.90,21.15,20.91,"8,054","Nov 15, 2019"
14-11-2019,21.55,22.70,21.15,21.40,21.15,"16,784","Nov 14, 2019"
13-11-2019,22.30,22.50,21.25,22.20,21.95,"23,234","Nov 13, 2019"
11-11-2019,22.05,22.15,21.30,21.45,21.20,"5,059","Nov 11, 2019"
08-11-2019,22.75,22.95,21.85,22.10,21.85,"14,011","Nov 08, 2019"
07-11-2019,22.50,23.20,22.10,23.00,22.74,"4,896","Nov 07, 2019"
06-11-2019,22.30,24.40,22.30,22.85,22.59,"11,451","Nov 06, 2019"
05-11-2019,24.45,24.95,23.00,23.25,22.98,"15,307","Nov 05, 2019"
04-11-2019,23.00,23.80,23.00,23.80,23.53,"11,448","Nov 04, 2019"
01-11-2019,22.50,23.00,22.20,22.70,22.44,"8,681","Nov 01, 2019"
31-10-2019,23.10,23.75,22.25,22.75,22.49,"19,475","Oct 31, 2019"
30-10-2019,23.20,23.75,22.50,23.35,23.08,"10,973","Oct 30, 2019"
29-10-2019,21.60,22.65,20.85,22.65,22.39,"17,213","Oct 29, 2019"
27-10-2019,21.75,21.95,21.15,21.60,21.35,"2,181","Oct 27, 2019"
25-10-2019,21.10,21.65,21.00,21.05,20.81,"10,810","Oct 25, 2019"
24-10-2019,22.10,22.10,21.35,21.50,21.25,"7,508","Oct 24, 2019"
23-10-2019,22.35,22.35,21.10,22.05,21.80,"19,855","Oct 23, 2019"
22-10-2019,22.50,22.50,20.75,21.75,21.50,"24,948","Oct 22, 2019"
18-10-2019,21.60,21.95,20.30,21.80,21.55,"17,716","Oct 18, 2019"
17-10-2019,21.50,21.65,20.25,21.10,20.86,"26,515","Oct 17, 2019"
16-10-2019,20.60,21.25,19.80,21.00,20.76,"13,771","Oct 16, 2019"
15-10-2019,20.25,22.20,20.10,20.80,20.56,"15,911","Oct 15, 2019"
14-10-2019,20.50,21.45,19.80,21.15,20.91,"8,832","Oct 14, 2019"
11-10-2019,21.00,21.50,20.55,20.60,20.36,"9,660","Oct 11, 2019"
10-10-2019,21.60,22.45,21.25,21.60,21.35,"6,897","Oct 10, 2019"
09-10-2019,22.00,22.55,21.70,22.10,21.85,"4,327","Oct 09, 2019"
07-10-2019,24.40,24.45,22.55,22.60,22.34,"8,769","Oct 07, 2019"
04-10-2019,25.65,25.65,23.60,23.70,23.43,"6,354","Oct 04, 2019"
03-10-2019,24.50,25.25,24.00,24.80,24.52,"16,805","Oct 03, 2019"
01-10-2019,26.60,26.60,25.25,25.25,24.96,"9,979","Oct 01, 2019"
30-09-2019,27.35,27.35,25.45,26.55,26.25,"41,594","Sep 30, 2019"
27-09-2019,26.05,26.05,26.05,26.05,25.75,"10,604","Sep 27, 2019"
26-09-2019,23.90,24.85,23.75,24.85,24.57,"14,335","Sep 26, 2019"
25-09-2019,23.70,23.70,23.00,23.70,23.43,"19,873","Sep 25, 2019"
24-09-2019,22.60,22.60,22.60,22.60,22.34,"5,071","Sep 24, 2019"
23-09-2019,22.95,22.95,21.30,21.55,21.30,"8,539","Sep 23, 2019"
20-09-2019,23.15,23.15,21.75,22.15,21.90,"22,942","Sep 20, 2019"
19-09-2019,22.25,22.75,21.05,22.75,22.49,"13,119","Sep 19, 2019"
18-09-2019,23.00,23.00,21.65,21.70,21.45,"2,435","Sep 18, 2019"
18-09-2019,0.229967 Dividend,,,,,,"Sep 18, 2019"
17-09-2019,22.75,23.20,22.25,22.45,21.97,"8,652","Sep 17, 2019"
16-09-2019,22.90,23.30,22.65,23.20,22.70,"10,442","Sep 16, 2019"
13-09-2019,23.00,23.50,22.50,22.90,22.41,"6,386","Sep 13, 2019"
12-09-2019,24.00,24.25,23.15,23.55,23.04,"8,906","Sep 12, 2019"
11-09-2019,22.25,23.15,22.15,23.10,22.60,"14,670","Sep 11, 2019"
09-09-2019,22.05,22.30,20.65,22.10,21.62,"12,307","Sep 09, 2019"
06-09-2019,20.85,21.30,20.35,21.25,20.79,"8,997","Sep 06, 2019"
05-09-2019,19.80,20.45,19.75,20.30,19.86,"1,831","Sep 05, 2019"
04-09-2019,20.65,20.70,19.80,20.30,19.86,"2,210","Sep 04, 2019"
03-09-2019,20.90,21.60,19.85,19.90,19.47,"6,839","Sep 03, 2019"
30-08-2019,20.00,21.00,19.80,20.85,20.40,"5,608","Aug 30, 2019"
29-08-2019,20.10,21.75,20.00,20.00,19.57,"7,494","Aug 29, 2019"
28-08-2019,22.25,22.25,20.45,21.05,20.60,"10,626","Aug 28, 2019"
27-08-2019,20.75,21.80,20.75,21.45,20.99,"21,255","Aug 27, 2019"
26-08-2019,20.70,21.45,20.70,20.80,20.35,"18,695","Aug 26, 2019"
23-08-2019,21.75,22.20,21.75,21.75,21.28,"9,270","Aug 23, 2019"
22-08-2019,22.85,22.85,22.85,22.85,22.36,568,"Aug 22, 2019"
21-08-2019,25.50,25.50,24.05,24.05,23.53,"4,816","Aug 21, 2019"
20-08-2019,25.60,25.60,24.60,25.30,24.75,"39,887","Aug 20, 2019"
19-08-2019,24.40,24.40,24.40,24.40,23.87,"6,515","Aug 19, 2019"
16-08-2019,23.25,23.25,22.00,23.25,22.75,"19,107","Aug 16, 2019"
14-08-2019,22.15,22.15,20.20,22.15,21.67,"18,921","Aug 14, 2019"
13-08-2019,21.10,21.10,21.10,21.10,20.64,"4,510","Aug 13, 2019"
09-08-2019,20.00,20.10,20.00,20.10,19.67,"9,479","Aug 09, 2019"
08-08-2019,19.00,19.15,18.00,19.15,18.74,"14,016","Aug 08, 2019"
07-08-2019,17.95,18.25,17.70,18.25,17.86,"6,209","Aug 07, 2019"
06-08-2019,16.65,17.40,15.90,17.40,17.02,"9,111","Aug 06, 2019"
05-08-2019,18.35,18.35,16.35,16.60,16.24,"35,917","Aug 05, 2019"
02-08-2019,20.95,20.95,18.15,18.15,17.76,"64,733","Aug 02, 2019"
01-08-2019,21.90,21.90,19.50,20.15,19.72,"32,876","Aug 01, 2019"
31-07-2019,22.95,22.95,20.20,21.60,21.13,"37,002","Jul 31, 2019"
30-07-2019,23.50,24.30,21.75,22.25,21.77,"27,439","Jul 30, 2019"
29-07-2019,26.60,29.20,23.10,23.45,22.94,"68,705","Jul 29, 2019"
26-07-2019,26.60,27.65,26.35,26.60,26.03,"10,759","Jul 26, 2019"
25-07-2019,27.50,29.50,27.00,27.30,26.71,"15,413","Jul 25, 2019"
24-07-2019,31.00,31.45,27.65,28.00,27.40,"46,537","Jul 24, 2019"
23-07-2019,32.05,34.45,30.10,30.75,30.09,"32,124","Jul 23, 2019"
22-07-2019,32.40,34.50,32.40,32.50,31.80,"10,711","Jul 22, 2019"
19-07-2019,34.00,35.35,33.50,33.70,32.97,"8,715","Jul 19, 2019"
18-07-2019,35.50,37.00,34.00,34.55,33.80,"17,887","Jul 18, 2019"
17-07-2019,35.90,37.45,35.60,35.75,34.98,"7,885","Jul 17, 2019"
16-07-2019,35.90,37.25,35.60,36.20,35.42,"6,771","Jul 16, 2019"
15-07-2019,35.90,37.00,35.50,36.10,35.32,"4,360","Jul 15, 2019"
12-07-2019,35.60,36.50,35.35,35.95,35.17,"6,076","Jul 12, 2019"
11-07-2019,35.90,36.40,35.50,35.65,34.88,"8,781","Jul 11, 2019"
10-07-2019,36.00,37.40,35.20,35.90,35.13,"14,580","Jul 10, 2019"
09-07-2019,36.55,37.45,36.00,36.55,35.76,"12,019","Jul 09, 2019"
08-07-2019,36.55,38.70,36.25,36.50,35.71,"7,322","Jul 08, 2019"
05-07-2019,37.70,38.95,37.00,37.15,36.35,"29,457","Jul 05, 2019"
04-07-2019,37.85,38.95,37.85,38.40,37.57,"9,016","Jul 04, 2019"
03-07-2019,39.50,39.80,38.30,38.55,37.72,"12,957","Jul 03, 2019"
02-07-2019,39.35,40.90,39.20,39.40,38.55,"9,824","Jul 02, 2019"
01-07-2019,40.90,41.50,40.00,40.20,39.33,"31,704","Jul 01, 2019"
28-06-2019,39.85,40.50,38.85,39.95,39.09,"47,047","Jun 28, 2019"
27-06-2019,38.60,40.45,38.60,38.85,38.01,"11,241","Jun 27, 2019"
26-06-2019,38.80,39.50,38.15,39.35,38.50,"16,803","Jun 26, 2019"
25-06-2019,38.15,39.95,38.10,38.45,37.62,"9,682","Jun 25, 2019"
24-06-2019,38.20,39.90,38.20,39.00,38.16,"6,797","Jun 24, 2019"
21-06-2019,37.40,40.70,37.40,39.20,38.35,"10,018","Jun 21, 2019"
20-06-2019,37.05,39.75,36.50,39.10,38.26,"23,784","Jun 20, 2019"
19-06-2019,38.50,40.00,37.00,37.45,36.64,"20,429","Jun 19, 2019"
18-06-2019,40.00,41.40,38.85,38.95,38.11,"6,188","Jun 18, 2019"
17-06-2019,42.90,43.35,40.00,40.30,39.43,"13,841","Jun 17, 2019"
14-06-2019,45.90,45.90,41.10,42.35,41.44,"35,371","Jun 14, 2019"
13-06-2019,41.90,45.80,38.70,44.60,43.64,"119,461","Jun 13, 2019"
12-06-2019,39.25,40.80,38.80,40.70,39.82,"43,918","Jun 12, 2019"
11-06-2019,38.80,38.80,37.20,37.80,36.98,"10,252","Jun 11, 2019"
10-06-2019,38.00,38.25,37.30,37.35,36.54,"11,734","Jun 10, 2019"
07-06-2019,38.60,38.60,37.30,37.60,36.79,"10,718","Jun 07, 2019"
06-06-2019,40.10,40.90,37.10,37.65,36.84,"24,364","Jun 06, 2019"
04-06-2019,41.00,41.00,39.60,39.90,39.04,"6,202","Jun 04, 2019"
03-06-2019,41.40,41.40,40.10,40.90,40.02,"15,623","Jun 03, 2019"
31-05-2019,43.40,43.40,41.30,41.60,40.70,"9,529","May 31, 2019"
30-05-2019,43.95,44.40,42.00,42.10,41.19,"10,569","May 30, 2019"
29-05-2019,42.55,44.90,42.35,43.25,42.32,"153,535","May 29, 2019"
28-05-2019,42.00,42.60,40.25,40.60,39.72,"20,445","May 28, 2019"
27-05-2019,40.00,42.85,39.15,41.65,40.75,"58,823","May 27, 2019"
24-05-2019,39.75,40.50,38.05,40.20,39.33,"28,067","May 24, 2019"
23-05-2019,40.65,40.65,37.70,38.25,37.42,"22,630","May 23, 2019"
22-05-2019,38.90,39.45,38.10,39.05,38.21,"4,959","May 22, 2019"
21-05-2019,40.20,40.20,38.10,38.25,37.42,"18,048","May 21, 2019"
20-05-2019,40.50,40.50,38.00,39.45,38.60,"10,889","May 20, 2019"
17-05-2019,37.50,37.90,36.80,37.15,36.35,"24,687","May 17, 2019"
16-05-2019,40.80,40.80,37.65,38.60,37.77,"16,857","May 16, 2019"
15-05-2019,40.30,42.35,39.15,39.55,38.70,"40,328","May 15, 2019"
14-05-2019,38.95,39.80,38.00,39.15,38.31,"12,537","May 14, 2019"
13-05-2019,40.00,40.90,37.75,38.35,37.52,"27,454","May 13, 2019"
10-05-2019,39.95,41.20,39.50,40.40,39.53,"22,580","May 10, 2019"
09-05-2019,38.20,40.00,37.60,39.40,38.55,"17,310","May 09, 2019"
08-05-2019,38.40,39.75,37.80,38.20,37.38,"14,744","May 08, 2019"
07-05-2019,41.00,41.00,38.30,38.85,38.01,"37,537","May 07, 2019"
06-05-2019,43.05,44.40,39.65,40.15,39.28,"53,218","May 06, 2019"
03-05-2019,44.30,45.20,42.75,43.85,42.90,"21,667","May 03, 2019"
02-05-2019,47.75,47.75,44.55,44.80,43.83,"26,354","May 02, 2019"
30-04-2019,49.05,49.70,47.00,47.40,46.38,"17,771","Apr 30, 2019"
26-04-2019,50.20,51.35,48.95,49.30,48.24,"20,278","Apr 26, 2019"
25-04-2019,52.30,52.90,50.15,50.60,49.51,"24,592","Apr 25, 2019"
24-04-2019,54.35,54.60,51.30,51.75,50.63,"32,967","Apr 24, 2019"
23-04-2019,53.55,55.10,51.50,53.45,52.30,"43,261","Apr 23, 2019"
22-04-2019,57.90,57.90,51.20,52.55,51.42,"118,884","Apr 22, 2019"
18-04-2019,51.05,57.90,49.00,56.50,55.28,"180,042","Apr 18, 2019"
16-04-2019,53.15,54.50,50.50,51.20,50.10,"38,705","Apr 16, 2019"
15-04-2019,53.05,55.00,51.75,52.95,51.81,"57,561","Apr 15, 2019"
12-04-2019,52.40,54.90,51.10,52.95,51.81,"229,482","Apr 12, 2019"
11-04-2019,49.90,52.50,48.10,51.35,50.24,"81,779","Apr 11, 2019"
10-04-2019,50.00,50.50,48.50,48.75,47.70,"11,932","Apr 10, 2019"
09-04-2019,48.70,51.30,48.50,50.10,49.02,"46,364","Apr 09, 2019"
08-04-2019,48.95,49.90,48.50,48.55,47.50,"18,393","Apr 08, 2019"
05-04-2019,47.95,49.05,46.25,48.55,47.50,"11,176","Apr 05, 2019"
04-04-2019,48.65,48.65,46.75,47.90,46.87,"12,048","Apr 04, 2019"
03-04-2019,46.80,50.35,46.80,48.20,47.16,"55,920","Apr 03, 2019"
02-04-2019,46.55,47.80,46.10,46.55,45.55,"11,066","Apr 02, 2019"
01-04-2019,47.45,47.95,46.35,46.80,45.79,"20,706","Apr 01, 2019"
28-03-2019,46.05,46.90,45.70,45.90,44.91,"12,899","Mar 28, 2019"
27-03-2019,48.75,48.80,44.70,45.35,44.37,"42,834","Mar 27, 2019"
26-03-2019,47.50,48.35,47.35,47.55,46.52,"24,764","Mar 26, 2019"
25-03-2019,45.50,47.50,45.45,47.30,46.28,"28,087","Mar 25, 2019"
22-03-2019,47.40,47.45,45.70,45.95,44.96,"18,906","Mar 22, 2019"
20-03-2019,48.05,48.80,46.75,46.90,45.89,"40,755","Mar 20, 2019"
19-03-2019,48.90,49.05,46.90,48.25,47.21,"39,847","Mar 19, 2019"
18-03-2019,47.95,49.05,47.05,48.45,47.40,"29,586","Mar 18, 2019"
15-03-2019,49.00,50.45,47.25,47.95,46.92,"42,137","Mar 15, 2019"
14-03-2019,48.85,50.60,46.70,49.25,48.19,"78,357","Mar 14, 2019"
13-03-2019,48.70,53.65,48.10,48.85,47.80,"102,783","Mar 13, 2019"
12-03-2019,50.65,50.90,48.40,48.70,47.65,"32,522","Mar 12, 2019"
11-03-2019,50.00,51.00,50.00,50.05,48.97,"24,113","Mar 11, 2019"
08-03-2019,50.20,50.80,50.00,50.15,49.07,"25,055","Mar 08, 2019"
07-03-2019,50.05,53.45,50.05,51.55,50.44,"131,369","Mar 07, 2019"
06-03-2019,49.45,50.70,47.60,49.75,48.68,"140,684","Mar 06, 2019"
05-03-2019,40.95,48.65,40.25,47.20,46.18,"121,073","Mar 05, 2019"
01-03-2019,40.90,41.40,40.00,40.55,39.67,"17,522","Mar 01, 2019"
28-02-2019,40.95,40.95,39.75,39.90,39.04,"10,755","Feb 28, 2019"
27-02-2019,40.65,42.45,39.90,40.80,39.92,"26,617","Feb 27, 2019"
26-02-2019,40.25,40.80,38.00,39.95,39.09,"19,302","Feb 26, 2019"
25-02-2019,39.35,40.80,38.50,40.25,39.38,"22,999","Feb 25, 2019"
22-02-2019,35.50,39.90,35.50,38.60,37.77,"36,975","Feb 22, 2019"
21-02-2019,35.95,36.75,35.40,35.90,35.13,"12,929","Feb 21, 2019"
20-02-2019,35.90,36.00,35.10,35.35,34.59,"4,511","Feb 20, 2019"
19-02-2019,36.15,36.40,34.80,35.00,34.24,"5,791","Feb 19, 2019"
18-02-2019,36.75,37.35,34.55,35.00,34.24,"11,701","Feb 18, 2019"
15-02-2019,36.55,37.70,36.50,36.85,36.05,"4,025","Feb 15, 2019"
14-02-2019,37.75,38.20,36.20,36.60,35.81,"14,903","Feb 14, 2019"
12-02-2019,37.70,39.00,36.20,36.95,36.15,"4,645","Feb 12, 2019"
11-02-2019,37.50,37.85,36.30,37.05,36.25,"7,343","Feb 11, 2019"
08-02-2019,37.85,38.00,36.50,37.50,36.69,"8,266","Feb 08, 2019"
07-02-2019,38.75,38.90,37.50,37.70,36.89,"13,098","Feb 07, 2019"
06-02-2019,39.45,39.50,37.70,38.15,37.33,"10,803","Feb 06, 2019"
05-02-2019,40.20,40.60,39.10,39.25,38.40,"5,837","Feb 05, 2019"
04-02-2019,41.60,41.60,40.00,40.10,39.23,"5,842","Feb 04, 2019"
01-02-2019,41.70,41.70,40.50,40.70,39.82,"3,813","Feb 01, 2019"
31-01-2019,41.40,41.95,40.50,41.05,40.16,"7,350","Jan 31, 2019"
30-01-2019,40.20,41.60,39.80,40.35,39.48,"15,503","Jan 30, 2019"
29-01-2019,40.00,40.45,39.15,39.80,38.94,"14,204","Jan 29, 2019"
28-01-2019,42.30,42.95,39.60,40.60,39.72,"17,084","Jan 28, 2019"
25-01-2019,45.70,45.70,42.05,42.45,41.53,"16,395","Jan 25, 2019"
24-01-2019,45.00,45.15,43.70,43.95,43.00,"10,955","Jan 24, 2019"
23-01-2019,45.65,45.95,44.50,45.00,44.03,"2,798","Jan 23, 2019"
22-01-2019,45.60,46.10,45.20,45.25,44.27,"5,733","Jan 22, 2019"
21-01-2019,47.00,47.20,45.60,45.80,44.81,"10,236","Jan 21, 2019"
18-01-2019,46.65,46.65,45.80,46.05,45.06,"2,597","Jan 18, 2019"
17-01-2019,48.25,48.25,46.50,46.55,45.55,"2,282","Jan 17, 2019"
16-01-2019,47.40,48.10,46.35,47.10,46.08,"9,883","Jan 16, 2019"
15-01-2019,47.35,50.00,46.05,47.60,46.57,"45,132","Jan 15, 2019"
14-01-2019,45.60,47.90,45.60,45.85,44.86,"9,702","Jan 14, 2019"
11-01-2019,46.90,47.50,46.50,46.65,45.64,"6,036","Jan 11, 2019"
10-01-2019,46.90,48.00,46.00,46.25,45.25,"11,699","Jan 10, 2019"
09-01-2019,48.00,48.00,46.05,46.90,45.89,"4,640","Jan 09, 2019"
08-01-2019,46.60,47.90,46.60,47.55,46.52,"8,344","Jan 08, 2019"
07-01-2019,47.40,48.00,46.50,46.95,45.94,"11,173","Jan 07, 2019"
04-01-2019,46.55,47.10,45.60,45.90,44.91,"11,289","Jan 04, 2019"
03-01-2019,47.70,48.50,46.10,46.80,45.79,"14,716","Jan 03, 2019"
02-01-2019,48.60,48.95,46.70,47.05,46.03,"10,825","Jan 02, 2019"
01-01-2019,48.70,49.35,47.20,48.05,47.01,"21,354","Jan 01, 2019"
31-12-2018,50.40,52.00,48.60,48.80,47.75,"62,689","Dec 31, 2018"
28-12-2018,49.80,49.80,47.70,48.45,47.40,"56,819","Dec 28, 2018"
27-12-2018,46.90,51.30,45.00,48.30,47.26,"378,716","Dec 27, 2018"
26-12-2018,46.00,46.00,42.45,43.70,42.76,"18,287","Dec 26, 2018"
24-12-2018,46.40,46.40,44.65,44.85,43.88,"12,617","Dec 24, 2018"
21-12-2018,46.10,46.95,45.00,45.50,44.52,"12,454","Dec 21, 2018"
20-12-2018,43.20,47.00,43.10,46.20,45.20,"38,522","Dec 20, 2018"
19-12-2018,42.85,44.90,42.85,44.00,43.05,"14,436","Dec 19, 2018"
18-12-2018,42.00,43.45,41.50,43.00,42.07,"12,037","Dec 18, 2018"
17-12-2018,41.20,43.00,41.20,41.95,41.04,"7,505","Dec 17, 2018"
14-12-2018,42.40,42.75,40.80,41.60,40.70,"11,135","Dec 14, 2018"
13-12-2018,42.20,43.25,42.15,42.30,41.39,"9,409","Dec 13, 2018"
12-12-2018,42.70,43.35,40.90,42.20,41.29,"24,615","Dec 12, 2018"
11-12-2018,39.80,41.00,39.75,40.30,39.43,"11,381","Dec 11, 2018"
10-12-2018,41.25,41.25,39.10,39.25,38.40,"24,452","Dec 10, 2018"
07-12-2018,42.60,42.65,41.25,41.40,40.51,"15,395","Dec 07, 2018"
06-12-2018,42.95,43.50,41.90,42.35,41.44,"16,709","Dec 06, 2018"
05-12-2018,43.50,46.80,42.40,43.35,42.41,"82,524","Dec 05, 2018"
04-12-2018,43.50,43.90,42.50,43.25,42.32,"33,153","Dec 04, 2018"
03-12-2018,42.90,43.20,41.90,42.85,41.93,"94,215","Dec 03, 2018"
30-11-2018,38.75,41.00,38.40,40.05,39.19,"31,469","Nov 30, 2018"
29-11-2018,39.20,39.50,38.20,38.65,37.82,"10,597","Nov 29, 2018"
28-11-2018,40.20,40.20,38.50,38.95,38.11,"14,787","Nov 28, 2018"
27-11-2018,38.90,40.40,38.60,39.15,38.31,"31,304","Nov 27, 2018"
26-11-2018,39.95,40.30,38.95,39.10,38.26,"11,247","Nov 26, 2018"
22-11-2018,40.95,41.45,39.20,39.60,38.75,"45,134","Nov 22, 2018"
21-11-2018,39.00,41.90,38.80,40.90,40.02,"53,380","Nov 21, 2018"
20-11-2018,38.80,40.90,38.45,39.00,38.16,"7,545","Nov 20, 2018"
19-11-2018,39.15,39.95,38.65,38.95,38.11,"31,791","Nov 19, 2018"
16-11-2018,41.10,41.30,39.60,40.15,39.28,"36,650","Nov 16, 2018"
15-11-2018,40.45,40.60,36.65,39.70,38.84,"31,526","Nov 15, 2018"
14-11-2018,39.80,40.80,39.15,39.65,38.79,"33,089","Nov 14, 2018"
13-11-2018,39.00,40.35,38.00,39.35,38.50,"65,396","Nov 13, 2018"
12-11-2018,40.60,41.00,38.90,39.10,38.26,"63,802","Nov 12, 2018"
09-11-2018,40.05,43.00,38.45,40.20,39.33,"56,363","Nov 09, 2018"
07-11-2018,41.00,41.55,40.40,40.50,39.63,"1,648","Nov 07, 2018"
06-11-2018,40.35,41.50,39.60,40.35,39.48,"25,636","Nov 06, 2018"
05-11-2018,40.80,40.80,39.00,39.65,38.79,"6,950","Nov 05, 2018"
02-11-2018,40.45,41.80,39.05,39.35,38.50,"33,328","Nov 02, 2018"
01-11-2018,39.00,40.55,38.40,39.40,38.55,"18,074","Nov 01, 2018"
31-10-2018,39.00,39.45,38.05,38.90,38.06,"6,481","Oct 31, 2018"
30-10-2018,38.50,39.45,38.15,38.50,37.67,"9,490","Oct 30, 2018"
29-10-2018,36.30,39.65,36.20,38.25,37.42,"25,707","Oct 29, 2018"
26-10-2018,36.30,37.10,35.40,36.60,35.81,"8,560","Oct 26, 2018"
25-10-2018,37.00,37.40,36.10,36.60,35.81,"6,858","Oct 25, 2018"
24-10-2018,38.70,38.70,36.25,37.00,36.20,"6,759","Oct 24, 2018"
23-10-2018,35.50,38.00,34.50,36.85,36.05,"14,075","Oct 23, 2018"
22-10-2018,39.00,39.00,35.15,35.85,35.08,"18,049","Oct 22, 2018"
19-10-2018,39.00,39.00,37.10,38.05,37.23,"8,305","Oct 19, 2018"
17-10-2018,40.50,40.70,37.85,38.50,37.67,"32,819","Oct 17, 2018"
16-10-2018,40.45,41.65,39.60,40.45,39.58,"17,463","Oct 16, 2018"
15-10-2018,38.45,39.80,37.65,39.40,38.55,"30,348","Oct 15, 2018"
12-10-2018,36.20,37.70,34.70,37.20,36.40,"38,432","Oct 12, 2018"
11-10-2018,34.80,35.80,34.30,35.30,34.54,"12,047","Oct 11, 2018"
10-10-2018,34.25,39.80,34.25,36.15,35.37,"57,389","Oct 10, 2018"
09-10-2018,36.35,37.10,34.50,35.00,34.24,"17,489","Oct 09, 2018"
08-10-2018,37.00,37.95,34.60,36.15,35.37,"24,167","Oct 08, 2018"
05-10-2018,39.00,40.50,37.25,37.55,36.74,"44,844","Oct 05, 2018"
04-10-2018,39.50,40.75,37.75,38.20,37.38,"29,708","Oct 04, 2018"
03-10-2018,39.50,41.80,36.20,39.85,38.99,"108,972","Oct 03, 2018"
01-10-2018,36.25,38.75,35.50,38.25,37.42,"11,917","Oct 01, 2018"
28-09-2018,38.50,39.30,36.30,36.80,36.01,"28,434","Sep 28, 2018"
27-09-2018,40.55,40.60,38.20,38.90,38.06,"15,811","Sep 27, 2018"
26-09-2018,43.20,43.20,39.10,39.85,38.99,"55,524","Sep 26, 2018"
25-09-2018,44.00,44.90,40.80,42.35,41.44,"22,372","Sep 25, 2018"
24-09-2018,48.00,48.00,43.50,44.20,43.25,"12,164","Sep 24, 2018"
21-09-2018,48.25,49.65,46.05,46.90,45.89,"15,677","Sep 21, 2018"
19-09-2018,50.40,50.40,48.15,48.90,47.84,"10,403","Sep 19, 2018"
18-09-2018,49.30,52.00,48.50,49.20,48.14,"32,984","Sep 18, 2018"
18-09-2018,0.344951 Dividend,,,,,,"Sep 18, 2018"
17-09-2018,48.20,50.65,48.10,49.50,48.09,"28,356","Sep 17, 2018"
14-09-2018,49.95,50.00,48.50,48.95,47.56,"11,497","Sep 14, 2018"
12-09-2018,48.90,50.35,48.10,48.60,47.22,"15,276","Sep 12, 2018"
11-09-2018,49.15,50.55,48.20,48.70,47.32,"13,519","Sep 11, 2018"
10-09-2018,51.00,51.15,49.95,50.10,48.68,"17,437","Sep 10, 2018"
07-09-2018,51.00,51.25,50.40,50.85,49.41,"20,406","Sep 07, 2018"
06-09-2018,50.00,52.35,50.00,51.35,49.89,"27,567","Sep 06, 2018"
05-09-2018,51.20,52.70,48.35,49.75,48.34,"32,939","Sep 05, 2018"
04-09-2018,52.20,54.50,50.40,50.80,49.36,"58,213","Sep 04, 2018"
03-09-2018,52.45,53.00,51.50,51.80,50.33,"14,032","Sep 03, 2018"
31-08-2018,51.50,52.20,51.10,51.40,49.94,"12,247","Aug 31, 2018"
30-08-2018,51.10,52.50,51.05,51.60,50.13,"9,775","Aug 30, 2018"
29-08-2018,51.15,51.60,51.05,51.25,49.79,"5,817","Aug 29, 2018"
28-08-2018,53.00,53.00,51.00,51.15,49.70,"12,556","Aug 28, 2018"
27-08-2018,51.60,55.95,51.25,52.75,51.25,"114,550","Aug 27, 2018"
24-08-2018,51.00,52.00,51.00,51.15,49.70,"7,589","Aug 24, 2018"
23-08-2018,50.80,52.60,50.30,51.35,49.89,"11,813","Aug 23, 2018"
21-08-2018,51.00,52.40,51.00,51.20,49.75,"15,636","Aug 21, 2018"
20-08-2018,50.70,52.00,50.70,51.30,49.84,"13,876","Aug 20, 2018"
17-08-2018,51.20,52.00,50.30,50.60,49.16,"23,410","Aug 17, 2018"
16-08-2018,51.65,52.00,50.50,51.30,49.84,"27,521","Aug 16, 2018"
14-08-2018,51.75,52.10,50.10,50.90,49.45,"19,545","Aug 14, 2018"
13-08-2018,53.10,54.10,51.30,51.85,50.38,"42,289","Aug 13, 2018"
10-08-2018,56.55,56.60,53.20,53.70,52.17,"33,126","Aug 10, 2018"
09-08-2018,57.30,59.50,56.35,57.25,55.62,"61,642","Aug 09, 2018"
08-08-2018,57.60,58.15,56.00,56.70,55.09,"37,282","Aug 08, 2018"
07-08-2018,58.00,58.45,55.60,56.00,54.41,"37,370","Aug 07, 2018"
06-08-2018,57.80,59.00,57.40,58.15,56.50,"20,626","Aug 06, 2018"
03-08-2018,56.50,61.00,56.50,58.75,57.08,"407,075","Aug 03, 2018"
02-08-2018,54.55,55.30,53.50,54.45,52.90,"36,729","Aug 02, 2018"
01-08-2018,54.60,57.40,53.10,54.75,53.20,"135,071","Aug 01, 2018"
31-07-2018,54.00,55.50,53.10,54.10,52.56,"52,978","Jul 31, 2018"
30-07-2018,54.00,57.20,54.00,54.50,52.95,"128,487","Jul 30, 2018"
27-07-2018,51.80,54.00,50.50,52.80,51.30,"77,472","Jul 27, 2018"
26-07-2018,50.50,51.80,50.00,50.40,48.97,"22,828","Jul 26, 2018"
25-07-2018,49.90,51.95,49.70,50.60,49.16,"24,918","Jul 25, 2018"
24-07-2018,47.90,51.00,47.60,50.15,48.73,"42,932","Jul 24, 2018"
23-07-2018,47.60,50.50,47.10,48.20,46.83,"11,719","Jul 23, 2018"
20-07-2018,48.45,48.90,47.55,48.00,46.64,"15,083","Jul 20, 2018"
19-07-2018,51.00,51.00,48.20,48.80,47.41,"40,309","Jul 19, 2018"
18-07-2018,51.40,51.40,49.80,50.00,48.58,"18,137","Jul 18, 2018"
17-07-2018,51.00,51.70,50.10,50.40,48.97,"24,923","Jul 17, 2018"
16-07-2018,50.25,53.70,49.20,50.25,48.82,"79,452","Jul 16, 2018"
13-07-2018,51.10,56.45,50.65,51.50,50.04,"282,884","Jul 13, 2018"
12-07-2018,52.85,52.85,49.20,51.00,49.55,"19,535","Jul 12, 2018"
11-07-2018,51.60,52.75,51.45,51.80,50.33,"11,950","Jul 11, 2018"
10-07-2018,52.50,53.30,51.50,52.70,51.20,"23,149","Jul 10, 2018"
09-07-2018,52.00,53.60,51.25,52.50,51.01,"74,612","Jul 09, 2018"
06-07-2018,51.65,52.80,50.30,51.30,49.84,"87,443","Jul 06, 2018"
05-07-2018,50.10,54.90,50.10,51.80,50.33,"96,354","Jul 05, 2018"
04-07-2018,51.90,51.95,49.80,50.55,49.11,"28,299","Jul 04, 2018"
03-07-2018,51.00,53.40,47.00,51.75,50.28,"35,553","Jul 03, 2018"
02-07-2018,53.05,53.95,49.75,51.40,49.94,"45,019","Jul 02, 2018"
29-06-2018,50.50,58.95,50.50,53.85,52.32,"250,568","Jun 29, 2018"
28-06-2018,51.20,52.45,49.60,50.25,48.82,"19,238","Jun 28, 2018"
27-06-2018,54.00,54.30,51.35,51.70,50.23,"24,759","Jun 27, 2018"
26-06-2018,56.50,56.50,52.90,53.45,51.93,"12,373","Jun 26, 2018"
25-06-2018,55.70,56.25,54.25,54.50,52.95,"11,157","Jun 25, 2018"
22-06-2018,55.80,56.40,55.00,55.55,53.97,"13,247","Jun 22, 2018"
21-06-2018,58.20,58.20,55.55,55.70,54.12,"8,365","Jun 21, 2018"
20-06-2018,58.00,59.20,57.15,57.50,55.87,"17,530","Jun 20, 2018"
19-06-2018,58.45,58.90,57.00,57.05,55.43,"13,431","Jun 19, 2018"
18-06-2018,58.00,58.85,57.00,58.25,56.60,"14,049","Jun 18, 2018"
15-06-2018,59.90,59.90,57.50,58.05,56.40,"15,836","Jun 15, 2018"
14-06-2018,59.90,59.90,58.25,58.90,57.23,"9,163","Jun 14, 2018"
13-06-2018,60.50,61.75,58.75,59.05,57.37,"35,012","Jun 13, 2018"
12-06-2018,59.15,61.00,58.55,59.05,57.37,"19,168","Jun 12, 2018"
11-06-2018,57.90,61.95,57.50,59.70,58.00,"135,270","Jun 11, 2018"
08-06-2018,57.50,58.35,56.30,56.95,55.33,"25,235","Jun 08, 2018"
07-06-2018,56.60,57.70,55.10,56.85,55.24,"25,818","Jun 07, 2018"
06-06-2018,55.30,56.50,53.90,54.60,53.05,"27,433","Jun 06, 2018"
05-06-2018,56.25,56.70,54.10,54.25,52.71,"29,782","Jun 05, 2018"
04-06-2018,58.20,59.50,55.70,56.15,54.56,"8,906","Jun 04, 2018"
01-06-2018,60.70,61.00,57.70,58.25,56.60,"28,539","Jun 01, 2018"
31-05-2018,63.80,63.80,60.00,60.70,58.98,"117,286","May 31, 2018"
30-05-2018,59.60,59.60,58.00,58.40,56.74,"19,638","May 30, 2018"
29-05-2018,59.00,60.20,57.55,58.25,56.60,"24,593","May 29, 2018"
28-05-2018,59.00,60.65,58.50,58.85,57.18,"40,517","May 28, 2018"
25-05-2018,55.40,61.15,54.70,58.95,57.28,"227,978","May 25, 2018"
24-05-2018,54.95,56.00,54.00,54.90,53.34,"10,367","May 24, 2018"
23-05-2018,55.60,56.90,53.85,54.30,52.76,"27,314","May 23, 2018"
22-05-2018,55.05,55.90,53.30,54.80,53.24,"19,208","May 22, 2018"
21-05-2018,57.50,59.40,54.65,55.50,53.92,"34,082","May 21, 2018"
18-05-2018,59.00,60.50,57.80,58.10,56.45,"18,995","May 18, 2018"
17-05-2018,60.00,61.45,58.80,59.35,57.66,"27,989","May 17, 2018"
16-05-2018,60.90,61.30,59.20,59.55,57.86,"21,061","May 16, 2018"
15-05-2018,61.80,63.00,60.00,60.25,58.54,"27,275","May 15, 2018"
14-05-2018,60.00,64.70,60.00,61.60,59.85,"72,194","May 14, 2018"
11-05-2018,60.85,61.75,59.30,59.70,58.00,"46,515","May 11, 2018"
10-05-2018,62.70,63.00,59.70,60.05,58.34,"30,823","May 10, 2018"
09-05-2018,63.90,65.75,61.40,62.25,60.48,"38,832","May 09, 2018"
08-05-2018,64.90,65.50,62.55,63.25,61.45,"35,685","May 08, 2018"
07-05-2018,66.50,66.95,64.10,64.60,62.77,"39,487","May 07, 2018"
04-05-2018,65.90,68.20,64.20,66.05,64.17,"106,268","May 04, 2018"
03-05-2018,66.95,66.95,65.00,65.25,63.40,"37,577","May 03, 2018"
02-05-2018,71.00,71.00,66.50,66.95,65.05,"143,849","May 02, 2018"
30-04-2018,65.10,73.80,63.90,71.35,69.32,"433,961","Apr 30, 2018"
27-04-2018,67.60,68.25,64.10,64.90,63.06,"92,352","Apr 27, 2018"
26-04-2018,69.95,71.40,66.70,67.50,65.58,"145,985","Apr 26, 2018"
25-04-2018,72.10,79.45,69.10,69.95,67.96,"1,925,436","Apr 25, 2018"
24-04-2018,60.25,71.70,60.25,71.70,69.66,"1,285,435","Apr 24, 2018"
23-04-2018,60.55,60.55,59.55,59.75,58.05,"14,177","Apr 23, 2018"
20-04-2018,62.55,62.55,60.00,60.20,58.49,"26,475","Apr 20, 2018"
19-04-2018,59.50,64.75,59.05,62.80,61.02,"109,733","Apr 19, 2018"
18-04-2018,60.05,60.50,59.10,59.70,58.00,"31,721","Apr 18, 2018"
17-04-2018,60.70,60.70,58.55,58.80,57.13,"15,946","Apr 17, 2018"
16-04-2018,59.00,60.50,58.50,59.35,57.66,"20,493","Apr 16, 2018"
13-04-2018,60.80,60.80,58.70,59.25,57.57,"10,136","Apr 13, 2018"
12-04-2018,60.65,61.40,58.70,59.15,57.47,"24,014","Apr 12, 2018"
11-04-2018,60.30,61.50,60.30,60.80,59.07,"7,056","Apr 11, 2018"
10-04-2018,61.70,62.25,60.45,60.90,59.17,"10,645","Apr 10, 2018"
09-04-2018,60.35,61.70,60.00,61.05,59.32,"27,017","Apr 09, 2018"
06-04-2018,60.40,61.45,60.20,60.45,58.73,"10,003","Apr 06, 2018"
05-04-2018,60.50,61.00,59.50,60.30,58.59,"15,041","Apr 05, 2018"
04-04-2018,60.00,61.60,58.05,58.45,56.79,"26,783","Apr 04, 2018"
03-04-2018,58.00,60.20,56.60,59.50,57.81,"48,488","Apr 03, 2018"
02-04-2018,56.35,58.00,55.40,57.45,55.82,"19,823","Apr 02, 2018"
28-03-2018,57.30,57.30,54.50,54.85,53.29,"24,486","Mar 28, 2018"
27-03-2018,55.75,61.90,54.90,57.65,56.01,"113,889","Mar 27, 2018"
26-03-2018,56.10,57.80,55.00,55.30,53.73,"53,448","Mar 26, 2018"
23-03-2018,57.10,57.50,56.00,56.30,54.70,"31,071","Mar 23, 2018"
22-03-2018,59.05,60.00,57.85,58.05,56.40,"17,531","Mar 22, 2018"
21-03-2018,59.25,60.00,58.60,59.55,57.86,"13,524","Mar 21, 2018"
20-03-2018,60.70,60.70,58.65,58.80,57.13,"30,028","Mar 20, 2018"
19-03-2018,61.70,62.45,60.25,60.70,58.98,"18,090","Mar 19, 2018"
16-03-2018,63.00,64.00,61.55,62.20,60.43,"13,914","Mar 16, 2018"
15-03-2018,61.05,63.80,61.00,63.30,61.50,"24,993","Mar 15, 2018"
14-03-2018,60.50,61.90,60.40,61.50,59.75,"16,844","Mar 14, 2018"
13-03-2018,60.30,62.45,60.30,60.90,59.17,"22,496","Mar 13, 2018"
12-03-2018,61.50,62.60,60.20,60.70,58.98,"13,784","Mar 12, 2018"
09-03-2018,61.80,62.70,60.00,60.25,58.54,"50,668","Mar 09, 2018"
08-03-2018,62.70,63.00,59.50,60.65,58.93,"31,482","Mar 08, 2018"
07-03-2018,64.05,64.05,61.65,62.55,60.77,"34,263","Mar 07, 2018"
06-03-2018,66.90,67.00,63.00,63.70,61.89,"20,589","Mar 06, 2018"
05-03-2018,67.15,67.15,64.80,65.40,63.54,"37,520","Mar 05, 2018"
01-03-2018,67.20,69.10,66.60,67.15,65.24,"28,478","Mar 01, 2018"
28-02-2018,68.00,70.00,66.40,67.10,65.19,"80,199","Feb 28, 2018"
27-02-2018,68.30,73.60,67.65,68.70,66.75,"183,977","Feb 27, 2018"
26-02-2018,69.00,70.00,68.00,68.20,66.26,"19,911","Feb 26, 2018"
23-02-2018,66.30,69.30,66.25,67.60,65.68,"45,126","Feb 23, 2018"
22-02-2018,65.50,67.45,65.00,65.90,64.03,"20,892","Feb 22, 2018"
21-02-2018,67.40,67.95,65.05,65.55,63.69,"23,286","Feb 21, 2018"
20-02-2018,68.80,68.80,65.20,66.05,64.17,"37,127","Feb 20, 2018"
19-02-2018,69.95,69.95,65.90,67.10,65.19,"31,324","Feb 19, 2018"
16-02-2018,71.10,71.10,68.55,69.25,67.28,"16,114","Feb 16, 2018"
15-02-2018,71.00,71.90,70.00,70.25,68.25,"43,089","Feb 15, 2018"
14-02-2018,71.60,72.60,69.50,70.60,68.60,"101,459","Feb 14, 2018"
12-02-2018,72.00,74.00,70.10,70.30,68.30,"109,597","Feb 12, 2018"
09-02-2018,69.90,72.90,68.95,71.80,69.76,"21,476","Feb 09, 2018"
08-02-2018,68.50,71.85,68.50,70.95,68.94,"47,454","Feb 08, 2018"
07-02-2018,69.20,70.10,67.25,68.35,66.41,"74,790","Feb 07, 2018"
06-02-2018,61.50,69.45,61.50,67.60,65.68,"75,947","Feb 06, 2018"
05-02-2018,70.50,71.35,69.00,71.20,69.18,"34,595","Feb 05, 2018"
02-02-2018,76.50,76.50,70.20,71.00,68.98,"94,540","Feb 02, 2018"
01-02-2018,78.20,79.10,76.75,77.20,75.01,"55,504","Feb 01, 2018"
31-01-2018,77.40,80.35,76.55,78.15,75.93,"166,767","Jan 31, 2018"
30-01-2018,77.05,78.00,75.00,76.65,74.47,"53,098","Jan 30, 2018"
29-01-2018,78.60,80.10,76.20,76.90,74.72,"41,480","Jan 29, 2018"
25-01-2018,80.45,80.95,78.25,78.45,76.22,"37,487","Jan 25, 2018"
24-01-2018,80.50,80.50,78.60,79.05,76.81,"45,915","Jan 24, 2018"
23-01-2018,82.95,82.95,80.10,80.50,78.21,"37,964","Jan 23, 2018"
22-01-2018,81.15,84.05,81.15,82.30,79.96,"57,060","Jan 22, 2018"
19-01-2018,82.85,83.10,80.00,81.20,78.89,"77,512","Jan 19, 2018"
18-01-2018,87.00,90.60,81.65,82.50,80.16,"618,878","Jan 18, 2018"
17-01-2018,83.45,86.75,82.25,86.15,83.70,"150,379","Jan 17, 2018"
16-01-2018,87.05,88.00,82.00,83.80,81.42,"224,997","Jan 16, 2018"
15-01-2018,85.20,87.80,83.45,87.10,84.63,"344,172","Jan 15, 2018"
12-01-2018,83.00,87.35,82.75,84.55,82.15,"379,588","Jan 12, 2018"
11-01-2018,82.95,84.00,81.60,82.40,80.06,"71,301","Jan 11, 2018"
10-01-2018,83.55,85.00,81.90,82.15,79.82,"119,357","Jan 10, 2018"
09-01-2018,86.20,87.40,83.00,83.70,81.32,"237,716","Jan 09, 2018"
08-01-2018,83.40,86.95,83.40,85.65,83.22,"377,709","Jan 08, 2018"
05-01-2018,82.10,84.40,82.10,83.00,80.64,"118,102","Jan 05, 2018"
04-01-2018,82.50,84.00,81.00,81.75,79.43,"107,117","Jan 04, 2018"
03-01-2018,82.15,83.20,81.50,82.10,79.77,"68,600","Jan 03, 2018"
02-01-2018,82.90,83.35,81.20,81.55,79.23,"53,480","Jan 02, 2018"
01-01-2018,80.35,85.00,80.35,82.20,79.87,"251,520","Jan 01, 2018"
29-12-2017,80.45,80.90,79.50,79.85,77.58,"51,252","Dec 29, 2017"
28-12-2017,80.20,81.35,79.80,79.95,77.68,"37,450","Dec 28, 2017"
27-12-2017,82.00,82.50,80.15,80.40,78.12,"71,366","Dec 27, 2017"
26-12-2017,80.10,82.10,78.80,81.25,78.94,"153,401","Dec 26, 2017"
22-12-2017,79.95,81.35,79.00,79.50,77.24,"88,530","Dec 22, 2017"
21-12-2017,80.40,81.50,78.75,79.65,77.39,"87,429","Dec 21, 2017"
20-12-2017,80.85,82.20,79.50,79.95,77.68,"99,366","Dec 20, 2017"
19-12-2017,78.90,81.40,78.85,80.20,77.92,"72,646","Dec 19, 2017"
18-12-2017,79.00,80.40,76.70,78.15,75.93,"66,046","Dec 18, 2017"
15-12-2017,78.70,79.00,77.40,77.70,75.49,"43,551","Dec 15, 2017"
14-12-2017,79.25,80.00,75.55,76.75,74.57,"67,321","Dec 14, 2017"
13-12-2017,80.75,81.40,78.40,78.90,76.66,"155,855","Dec 13, 2017"
12-12-2017,81.90,84.30,81.25,82.90,80.55,"145,670","Dec 12, 2017"
11-12-2017,82.55,83.50,80.80,81.20,78.89,"68,296","Dec 11, 2017"
08-12-2017,81.95,84.60,81.75,82.55,80.21,"136,724","Dec 08, 2017"
07-12-2017,80.25,82.50,80.25,81.60,79.28,"50,996","Dec 07, 2017"
06-12-2017,81.50,82.80,80.25,80.80,78.51,"56,134","Dec 06, 2017"
05-12-2017,81.75,83.30,80.60,81.75,79.43,"70,666","Dec 05, 2017"
04-12-2017,84.10,84.65,81.60,81.90,79.57,"96,550","Dec 04, 2017"
01-12-2017,86.40,88.50,82.50,83.45,81.08,"161,985","Dec 01, 2017"
30-11-2017,86.00,88.10,85.10,85.65,83.22,"111,855","Nov 30, 2017"
29-11-2017,86.85,88.40,85.00,86.35,83.90,"241,959","Nov 29, 2017"
28-11-2017,84.75,86.65,84.00,85.95,83.51,"275,881","Nov 28, 2017"
27-11-2017,85.25,86.45,84.25,84.55,82.15,"75,337","Nov 27, 2017"
24-11-2017,86.70,87.80,84.50,85.00,82.59,"107,895","Nov 24, 2017"
23-11-2017,85.80,88.75,85.15,86.70,84.24,"176,835","Nov 23, 2017"
22-11-2017,87.90,88.95,85.10,85.55,83.12,"106,318","Nov 22, 2017"
21-11-2017,91.70,92.40,86.55,87.95,85.45,"393,764","Nov 21, 2017"
20-11-2017,89.10,94.00,88.05,89.95,87.40,"1,508,389","Nov 20, 2017"
17-11-2017,78.80,88.80,78.00,87.90,85.40,"786,053","Nov 17, 2017"
16-11-2017,78.70,79.35,77.60,77.90,75.69,"23,556","Nov 16, 2017"
15-11-2017,79.85,80.05,76.80,77.75,75.54,"43,266","Nov 15, 2017"
14-11-2017,78.70,81.90,78.40,80.15,77.87,"41,836","Nov 14, 2017"
13-11-2017,81.85,81.90,78.40,78.75,76.51,"55,433","Nov 13, 2017"
10-11-2017,81.00,84.00,80.50,80.90,78.60,"82,507","Nov 10, 2017"
09-11-2017,81.35,83.50,79.60,80.95,78.65,"54,937","Nov 09, 2017"
08-11-2017,83.95,84.00,80.50,81.05,78.75,"51,111","Nov 08, 2017"
07-11-2017,86.00,88.00,82.15,82.55,80.21,"190,596","Nov 07, 2017"
06-11-2017,81.40,87.50,80.95,84.95,82.54,"479,810","Nov 06, 2017"
03-11-2017,81.15,82.95,80.05,81.80,79.48,"97,185","Nov 03, 2017"
02-11-2017,80.25,84.45,79.50,81.15,78.85,"261,411","Nov 02, 2017"
01-11-2017,80.30,81.90,79.55,80.05,77.78,"77,219","Nov 01, 2017"
31-10-2017,80.90,81.90,79.50,80.20,77.92,"50,991","Oct 31, 2017"
30-10-2017,80.00,82.60,79.65,80.45,78.17,"79,615","Oct 30, 2017"
27-10-2017,80.35,81.60,79.00,79.15,76.90,"62,424","Oct 27, 2017"
26-10-2017,81.95,82.50,80.00,80.30,78.02,"64,722","Oct 26, 2017"
25-10-2017,84.85,85.30,80.60,81.25,78.94,"102,694","Oct 25, 2017"
24-10-2017,82.75,86.80,81.10,84.10,81.71,"340,677","Oct 24, 2017"
23-10-2017,78.50,84.00,78.50,82.05,79.72,"394,621","Oct 23, 2017"
19-10-2017,79.50,79.95,77.20,78.30,76.08,"23,331","Oct 19, 2017"
18-10-2017,78.40,80.55,77.05,79.25,77.00,"90,566","Oct 18, 2017"
17-10-2017,78.35,80.40,77.70,78.20,75.98,"102,980","Oct 17, 2017"
16-10-2017,79.15,80.80,77.50,78.25,76.03,"39,610","Oct 16, 2017"
13-10-2017,78.05,82.40,76.35,79.05,76.81,"216,055","Oct 13, 2017"
12-10-2017,79.00,79.80,77.10,77.90,75.69,"38,936","Oct 12, 2017"
11-10-2017,82.60,84.40,75.35,78.55,76.32,"140,907","Oct 11, 2017"
10-10-2017,75.40,83.70,75.40,81.25,78.94,"625,548","Oct 10, 2017"
09-10-2017,73.75,75.30,73.30,74.00,71.90,"40,719","Oct 09, 2017"
06-10-2017,73.20,74.35,72.60,73.45,71.36,"32,617","Oct 06, 2017"
05-10-2017,73.00,74.85,72.00,72.45,70.39,"73,622","Oct 05, 2017"
04-10-2017,73.40,73.45,72.50,72.60,70.54,"23,783","Oct 04, 2017"
03-10-2017,73.75,73.95,72.05,72.25,70.20,"19,885","Oct 03, 2017"
29-09-2017,73.50,74.60,71.80,72.35,70.30,"33,552","Sep 29, 2017"
28-09-2017,72.45,72.80,70.60,72.35,70.30,"28,128","Sep 28, 2017"
27-09-2017,75.00,75.55,71.70,72.05,70.00,"33,832","Sep 27, 2017"
26-09-2017,74.00,75.95,72.80,74.00,71.90,"120,369","Sep 26, 2017"
25-09-2017,73.00,74.00,69.60,73.50,71.41,"113,056","Sep 25, 2017"
22-09-2017,75.30,75.30,72.60,73.45,71.36,"35,620","Sep 22, 2017"
21-09-2017,77.70,77.70,75.15,75.50,73.36,"32,937","Sep 21, 2017"
20-09-2017,76.30,79.90,75.90,76.95,74.76,"86,789","Sep 20, 2017"
19-09-2017,76.85,76.85,75.90,76.00,73.84,"20,308","Sep 19, 2017"
19-09-2017,0.229967 Dividend,,,,,,"Sep 19, 2017"
18-09-2017,77.60,78.20,76.25,76.60,74.20,"48,354","Sep 18, 2017"
15-09-2017,76.70,77.75,76.00,76.50,74.10,"31,168","Sep 15, 2017"
14-09-2017,76.25,77.10,75.65,76.70,74.30,"28,533","Sep 14, 2017"
13-09-2017,77.15,77.55,75.40,75.70,73.33,"68,876","Sep 13, 2017"
12-09-2017,78.00,79.40,76.70,77.05,74.64,"193,125","Sep 12, 2017"
11-09-2017,78.80,79.85,76.80,77.50,75.07,"60,919","Sep 11, 2017"
08-09-2017,80.70,80.70,77.90,78.10,75.65,"37,767","Sep 08, 2017"
07-09-2017,78.50,82.05,78.50,80.05,77.54,"114,775","Sep 07, 2017"
06-09-2017,78.45,80.00,77.50,78.50,76.04,"107,610","Sep 06, 2017"
05-09-2017,78.70,80.90,78.20,78.40,75.94,"57,538","Sep 05, 2017"
04-09-2017,81.00,81.00,78.25,78.50,76.04,"40,053","Sep 04, 2017"
01-09-2017,78.30,81.50,78.15,80.20,77.69,"122,702","Sep 01, 2017"
31-08-2017,78.00,82.15,77.00,78.30,75.85,"196,923","Aug 31, 2017"
30-08-2017,78.35,84.60,75.15,77.70,75.27,"76,181","Aug 30, 2017"
29-08-2017,74.00,83.90,73.30,77.60,75.17,"593,535","Aug 29, 2017"
28-08-2017,74.05,75.40,72.70,74.65,72.31,"33,970","Aug 28, 2017"
24-08-2017,75.00,75.50,73.00,73.50,71.20,"19,258","Aug 24, 2017"
23-08-2017,75.70,77.15,74.00,74.90,72.55,"77,638","Aug 23, 2017"
22-08-2017,75.75,75.75,72.20,72.80,70.52,"19,297","Aug 22, 2017"
21-08-2017,75.80,77.00,73.20,74.10,71.78,"25,452","Aug 21, 2017"
18-08-2017,76.50,76.50,75.05,75.80,73.43,"19,369","Aug 18, 2017"
17-08-2017,77.70,78.80,75.60,76.75,74.35,"30,916","Aug 17, 2017"
16-08-2017,75.60,79.55,75.55,77.45,75.02,"42,999","Aug 16, 2017"
14-08-2017,75.80,77.95,73.00,75.40,73.04,"29,835","Aug 14, 2017"
11-08-2017,74.90,75.00,67.00,74.20,71.88,"49,974","Aug 11, 2017"
10-08-2017,80.00,80.00,74.00,75.90,73.52,"40,487","Aug 10, 2017"
09-08-2017,81.90,81.90,79.35,80.20,77.69,"33,044","Aug 09, 2017"
08-08-2017,84.00,85.00,81.60,82.00,79.43,"25,567","Aug 08, 2017"
07-08-2017,86.80,87.45,83.10,83.70,81.08,"45,185","Aug 07, 2017"
04-08-2017,83.35,85.75,83.20,84.40,81.76,"122,733","Aug 04, 2017"
03-08-2017,84.80,84.80,81.30,81.40,78.85,"28,501","Aug 03, 2017"
02-08-2017,85.50,86.50,83.65,84.00,81.37,"22,021","Aug 02, 2017"
01-08-2017,86.80,86.80,84.60,85.05,82.39,"26,464","Aug 01, 2017"
31-07-2017,86.50,87.30,85.20,85.80,83.11,"23,233","Jul 31, 2017"
28-07-2017,85.50,87.20,85.50,86.25,83.55,"61,779","Jul 28, 2017"
27-07-2017,87.70,88.25,86.20,86.40,83.69,"34,334","Jul 27, 2017"
26-07-2017,86.80,88.55,86.80,86.95,84.23,"42,360","Jul 26, 2017"
25-07-2017,87.00,91.45,86.10,88.10,85.34,"264,747","Jul 25, 2017"
24-07-2017,87.50,88.35,86.15,86.40,83.69,"39,852","Jul 24, 2017"
21-07-2017,87.35,89.80,87.05,87.30,84.57,"75,586","Jul 21, 2017"
20-07-2017,87.35,88.55,87.15,87.30,84.57,"28,203","Jul 20, 2017"
19-07-2017,88.00,89.15,87.30,87.55,84.81,"41,856","Jul 19, 2017"
18-07-2017,89.00,89.10,87.10,87.45,84.71,"57,859","Jul 18, 2017"
17-07-2017,89.35,91.00,88.65,88.90,86.12,"41,359","Jul 17, 2017"
14-07-2017,92.20,94.00,89.40,90.20,87.38,"67,639","Jul 14, 2017"
13-07-2017,96.00,98.00,91.55,92.20,89.31,"340,086","Jul 13, 2017"
12-07-2017,87.60,96.00,87.60,92.90,89.99,"246,861","Jul 12, 2017"
11-07-2017,90.40,90.65,87.00,87.15,84.42,"69,067","Jul 11, 2017"
10-07-2017,88.50,89.30,87.80,89.15,86.36,"35,708","Jul 10, 2017"
07-07-2017,86.80,89.35,86.65,87.00,84.28,"145,962","Jul 07, 2017"
06-07-2017,87.90,88.45,86.70,87.00,84.28,"73,232","Jul 06, 2017"
05-07-2017,88.10,89.45,86.45,87.05,84.32,"103,584","Jul 05, 2017"
04-07-2017,89.10,89.60,87.00,87.30,84.57,"57,684","Jul 04, 2017"
03-07-2017,90.25,90.90,88.50,88.75,85.97,"128,613","Jul 03, 2017"
30-06-2017,88.50,92.40,88.50,90.00,87.18,"495,820","Jun 30, 2017"
29-06-2017,88.00,89.00,87.00,88.30,85.53,"76,181","Jun 29, 2017"
28-06-2017,85.00,87.95,84.60,85.90,83.21,"57,336","Jun 28, 2017"
27-06-2017,88.00,88.45,84.30,84.90,82.24,"33,524","Jun 27, 2017"
23-06-2017,89.45,89.65,86.00,86.90,84.18,"36,269","Jun 23, 2017"
22-06-2017,93.20,93.70,88.70,89.10,86.31,"114,694","Jun 22, 2017"
21-06-2017,93.40,97.35,92.15,92.95,90.04,"464,573","Jun 21, 2017"
20-06-2017,86.90,96.95,85.25,93.85,90.91,"691,096","Jun 20, 2017"
19-06-2017,86.50,88.20,85.05,85.90,83.21,"75,594","Jun 19, 2017"
16-06-2017,83.55,86.95,83.55,85.50,82.82,"55,729","Jun 16, 2017"
15-06-2017,84.80,85.45,84.00,84.15,81.51,"6,600","Jun 15, 2017"
14-06-2017,85.80,85.80,83.60,83.75,81.13,"17,776","Jun 14, 2017"
13-06-2017,84.50,86.40,84.20,84.55,81.90,"13,071","Jun 13, 2017"
12-06-2017,84.70,86.90,84.10,85.25,82.58,"16,908","Jun 12, 2017"
09-06-2017,85.00,87.00,84.55,84.90,82.24,"23,578","Jun 09, 2017"
08-06-2017,85.90,87.40,84.15,84.70,82.05,"12,175","Jun 08, 2017"
07-06-2017,85.65,86.55,82.50,85.70,83.02,"40,988","Jun 07, 2017"
06-06-2017,86.50,87.60,83.55,84.60,81.95,"37,981","Jun 06, 2017"
05-06-2017,90.00,90.00,86.10,86.35,83.65,"44,592","Jun 05, 2017"
02-06-2017,79.10,91.80,77.55,90.10,87.28,"395,875","Jun 02, 2017"
01-06-2017,78.50,80.50,77.80,78.95,76.48,"33,017","Jun 01, 2017"
31-05-2017,76.80,79.10,76.40,77.20,74.78,"27,982","May 31, 2017"
30-05-2017,78.10,78.85,74.90,76.00,73.62,"43,507","May 30, 2017"
29-05-2017,82.00,82.00,78.00,78.40,75.94,"29,268","May 29, 2017"
26-05-2017,82.90,83.85,81.65,82.25,79.67,"23,762","May 26, 2017"
25-05-2017,80.95,82.50,80.25,82.10,79.53,"17,369","May 25, 2017"
24-05-2017,85.00,85.00,80.15,80.50,77.98,"27,035","May 24, 2017"
23-05-2017,86.70,87.20,81.00,83.35,80.74,"29,396","May 23, 2017"
22-05-2017,88.00,89.00,86.00,86.15,83.45,"20,256","May 22, 2017"
19-05-2017,89.95,90.00,86.60,87.25,84.52,"24,316","May 19, 2017"
18-05-2017,90.00,91.60,88.20,88.55,85.78,"126,578","May 18, 2017"
17-05-2017,89.00,90.85,88.50,89.05,86.26,"22,501","May 17, 2017"
16-05-2017,87.50,91.50,87.50,89.40,86.60,"95,090","May 16, 2017"
15-05-2017,88.00,88.85,87.05,87.65,84.91,"17,634","May 15, 2017"
12-05-2017,88.00,88.70,87.05,87.25,84.52,"27,993","May 12, 2017"
11-05-2017,90.00,90.50,87.25,88.40,85.63,"34,622","May 11, 2017"
10-05-2017,88.50,90.60,88.50,89.55,86.75,"57,705","May 10, 2017"
09-05-2017,88.55,90.00,88.10,88.45,85.68,"32,479","May 09, 2017"
08-05-2017,88.95,91.90,88.00,89.55,86.75,"157,219","May 08, 2017"
05-05-2017,86.30,90.00,86.30,87.40,84.66,"138,781","May 05, 2017"
04-05-2017,87.20,87.80,86.10,86.65,83.94,"41,909","May 04, 2017"
03-05-2017,89.15,89.15,86.70,87.20,84.47,"28,730","May 03, 2017"
02-05-2017,89.00,90.75,87.60,88.00,85.24,"85,211","May 02, 2017"
28-04-2017,90.40,90.40,87.85,88.30,85.53,"26,979","Apr 28, 2017"
27-04-2017,90.00,91.00,88.50,89.25,86.46,"28,496","Apr 27, 2017"
26-04-2017,90.30,93.40,88.25,89.75,86.94,"125,262","Apr 26, 2017"
25-04-2017,92.65,92.65,90.05,90.25,87.42,"29,353","Apr 25, 2017"
24-04-2017,92.95,93.25,90.00,90.80,87.96,"64,817","Apr 24, 2017"
21-04-2017,91.45,93.70,89.60,91.05,88.20,"196,022","Apr 21, 2017"
20-04-2017,87.30,90.00,87.25,89.65,86.84,"58,597","Apr 20, 2017"
19-04-2017,88.00,88.00,85.60,87.60,84.86,"44,967","Apr 19, 2017"
18-04-2017,88.50,89.80,86.70,86.95,84.23,"55,731","Apr 18, 2017"
17-04-2017,87.10,88.80,87.10,87.90,85.15,"41,874","Apr 17, 2017"
13-04-2017,86.60,90.50,86.50,88.00,85.24,"121,736","Apr 13, 2017"
12-04-2017,88.05,88.90,86.10,87.15,84.42,"39,116","Apr 12, 2017"
11-04-2017,86.30,89.50,85.20,88.45,85.68,"93,941","Apr 11, 2017"
10-04-2017,88.50,88.55,85.70,86.75,84.03,"41,770","Apr 10, 2017"
07-04-2017,90.40,91.35,87.10,87.90,85.15,"75,044","Apr 07, 2017"
06-04-2017,90.95,90.95,89.00,89.75,86.94,"30,412","Apr 06, 2017"
05-04-2017,88.40,91.30,87.30,90.05,87.23,"205,717","Apr 05, 2017"
03-04-2017,88.00,88.90,87.20,87.55,84.81,"29,804","Apr 03, 2017"
31-03-2017,87.80,88.15,86.70,86.95,84.23,"30,594","Mar 31, 2017"
30-03-2017,87.90,89.30,87.05,87.45,84.71,"100,002","Mar 30, 2017"
29-03-2017,88.00,89.85,87.10,87.25,84.52,"137,686","Mar 29, 2017"
28-03-2017,89.10,90.70,86.30,87.05,84.32,"65,619","Mar 28, 2017"
27-03-2017,87.40,89.70,86.75,87.50,84.76,"167,662","Mar 27, 2017"
24-03-2017,87.75,88.80,86.30,86.70,83.98,"53,759","Mar 24, 2017"
23-03-2017,86.60,89.20,85.50,87.85,85.10,"179,730","Mar 23, 2017"
22-03-2017,86.00,87.45,85.15,85.75,83.06,"63,240","Mar 22, 2017"
21-03-2017,89.90,90.00,86.20,87.20,84.47,"73,314","Mar 21, 2017"
20-03-2017,88.10,92.70,87.50,89.50,86.70,"268,434","Mar 20, 2017"
17-03-2017,85.95,89.75,85.95,87.55,84.81,"502,146","Mar 17, 2017"
16-03-2017,82.20,86.65,82.20,84.65,82.00,"225,883","Mar 16, 2017"
15-03-2017,81.60,83.00,80.10,81.45,78.90,"74,032","Mar 15, 2017"
14-03-2017,82.30,83.90,80.40,81.05,78.51,"73,170","Mar 14, 2017"
10-03-2017,80.80,81.00,78.95,79.40,76.91,"33,700","Mar 10, 2017"
09-03-2017,78.05,80.35,78.05,78.55,76.09,"36,008","Mar 09, 2017"
08-03-2017,79.00,79.30,78.00,78.70,76.24,"16,044","Mar 08, 2017"
07-03-2017,81.35,81.35,78.00,78.65,76.19,"36,358","Mar 07, 2017"
06-03-2017,80.00,83.00,80.00,80.80,78.27,"77,734","Mar 06, 2017"
03-03-2017,77.50,80.20,77.50,78.95,76.48,"65,330","Mar 03, 2017"
02-03-2017,82.30,82.55,77.00,77.50,75.07,"69,650","Mar 02, 2017"
01-03-2017,82.50,83.60,81.05,81.50,78.95,"116,567","Mar 01, 2017"
28-02-2017,75.40,86.00,75.20,81.80,79.24,"528,125","Feb 28, 2017"
27-02-2017,76.55,76.55,75.40,75.60,73.23,"8,871","Feb 27, 2017"
23-02-2017,76.80,76.85,75.50,75.80,73.43,"17,003","Feb 23, 2017"
22-02-2017,77.60,78.20,76.10,76.35,73.96,"29,828","Feb 22, 2017"
21-02-2017,77.40,78.25,76.95,77.30,74.88,"22,153","Feb 21, 2017"
20-02-2017,78.50,79.70,76.25,77.00,74.59,"78,494","Feb 20, 2017"
17-02-2017,76.50,77.60,76.00,76.35,73.96,"27,747","Feb 17, 2017"
16-02-2017,76.25,78.45,75.00,76.45,74.06,"50,910","Feb 16, 2017"
15-02-2017,79.00,79.00,74.65,75.00,72.65,"42,159","Feb 15, 2017"
14-02-2017,83.00,83.00,73.00,77.95,75.51,"118,468","Feb 14, 2017"
13-02-2017,84.30,85.20,81.25,82.10,79.53,"41,182","Feb 13, 2017"
10-02-2017,83.50,85.75,82.40,84.30,81.66,"84,237","Feb 10, 2017"
09-02-2017,83.30,83.90,82.10,82.70,80.11,"17,628","Feb 09, 2017"
08-02-2017,81.40,84.20,81.40,83.10,80.50,"32,884","Feb 08, 2017"
07-02-2017,84.00,84.70,82.00,82.20,79.63,"29,246","Feb 07, 2017"
06-02-2017,82.80,85.30,82.20,83.85,81.22,"94,135","Feb 06, 2017"
03-02-2017,81.70,84.40,80.55,82.05,79.48,"51,730","Feb 03, 2017"
02-02-2017,82.90,82.90,80.60,81.70,79.14,"25,185","Feb 02, 2017"
01-02-2017,81.65,83.00,80.00,82.05,79.48,"21,497","Feb 01, 2017"
31-01-2017,83.15,83.90,80.80,81.35,78.80,"26,186","Jan 31, 2017"
30-01-2017,83.40,85.30,82.10,83.55,80.93,"59,437","Jan 30, 2017"
27-01-2017,82.95,85.45,82.30,83.35,80.74,"72,562","Jan 27, 2017"
25-01-2017,81.00,86.45,80.15,82.60,80.01,"249,749","Jan 25, 2017"
24-01-2017,80.80,81.45,80.20,80.70,78.17,"11,628","Jan 24, 2017"
23-01-2017,80.10,82.00,78.50,80.20,77.69,"23,747","Jan 23, 2017"
20-01-2017,81.70,82.30,78.85,79.65,77.16,"25,539","Jan 20, 2017"
19-01-2017,83.55,83.60,81.50,81.75,79.19,"21,078","Jan 19, 2017"
18-01-2017,83.00,84.35,81.85,82.20,79.63,"48,743","Jan 18, 2017"
17-01-2017,86.00,86.00,82.80,83.55,80.93,"146,356","Jan 17, 2017"
16-01-2017,83.75,83.75,81.50,82.65,80.06,"154,050","Jan 16, 2017"
13-01-2017,80.35,82.00,80.10,80.85,78.32,"17,007","Jan 13, 2017"
12-01-2017,82.40,82.40,80.05,80.50,77.98,"28,403","Jan 12, 2017"
11-01-2017,81.15,83.90,81.00,81.25,78.71,"122,732","Jan 11, 2017"
10-01-2017,81.90,83.25,80.10,80.65,78.12,"65,234","Jan 10, 2017"
09-01-2017,81.00,83.90,81.00,81.85,79.29,"78,959","Jan 09, 2017"
06-01-2017,76.75,81.90,76.30,79.30,76.82,"118,680","Jan 06, 2017"
05-01-2017,77.30,77.90,75.65,76.70,74.30,"33,363","Jan 05, 2017"
04-01-2017,79.05,79.45,75.70,76.70,74.30,"65,530","Jan 04, 2017"
03-01-2017,75.60,80.20,75.00,78.95,76.48,"157,965","Jan 03, 2017"
02-01-2017,73.25,75.20,72.25,74.50,72.17,"26,290","Jan 02, 2017"
30-12-2016,73.05,74.30,71.35,72.20,69.94,"36,278","Dec 30, 2016"
29-12-2016,70.85,73.95,70.85,73.55,71.25,"42,092","Dec 29, 2016"
28-12-2016,72.50,73.00,70.55,70.65,68.44,"18,804","Dec 28, 2016"
27-12-2016,72.00,72.95,70.10,71.25,69.02,"29,685","Dec 27, 2016"
26-12-2016,74.95,74.95,70.80,70.90,68.68,"30,221","Dec 26, 2016"
23-12-2016,75.55,76.10,73.20,74.30,71.97,"30,734","Dec 23, 2016"
22-12-2016,75.30,75.45,72.85,73.15,70.86,"18,169","Dec 22, 2016"
21-12-2016,71.55,75.50,71.55,74.35,72.02,"40,477","Dec 21, 2016"
20-12-2016,74.30,74.80,72.50,72.60,70.33,"15,465","Dec 20, 2016"
19-12-2016,75.00,75.20,72.70,73.20,70.91,"16,955","Dec 19, 2016"
16-12-2016,74.50,75.00,71.50,73.25,70.96,"33,778","Dec 16, 2016"
15-12-2016,73.80,75.90,73.45,73.95,71.63,"23,272","Dec 15, 2016"
14-12-2016,75.60,76.20,73.75,74.10,71.78,"15,790","Dec 14, 2016"
13-12-2016,76.00,76.85,75.50,75.85,73.47,"21,560","Dec 13, 2016"
12-12-2016,77.70,78.50,75.80,76.10,73.72,"27,859","Dec 12, 2016"
09-12-2016,74.85,80.00,74.25,77.80,75.36,"126,985","Dec 09, 2016"
08-12-2016,76.95,76.95,74.00,75.05,72.70,"34,186","Dec 08, 2016"
07-12-2016,75.50,77.50,74.10,75.30,72.94,"27,830","Dec 07, 2016"
06-12-2016,75.00,78.75,74.00,76.70,74.30,"34,395","Dec 06, 2016"
05-12-2016,74.40,75.95,73.95,74.25,71.92,"23,026","Dec 05, 2016"
02-12-2016,78.10,78.60,74.50,75.35,72.99,"45,441","Dec 02, 2016"
01-12-2016,81.00,81.00,77.00,77.40,74.98,"32,158","Dec 01, 2016"
30-11-2016,77.00,81.25,77.00,79.45,76.96,"87,097","Nov 30, 2016"
29-11-2016,75.00,79.50,74.95,76.80,74.39,"103,205","Nov 29, 2016"
28-11-2016,74.15,75.50,72.60,74.45,72.12,"36,040","Nov 28, 2016"
25-11-2016,73.05,74.50,72.60,73.70,71.39,"47,004","Nov 25, 2016"
24-11-2016,73.00,76.00,71.20,72.35,70.08,"48,813","Nov 24, 2016"
23-11-2016,73.00,75.70,68.80,73.75,71.44,"151,789","Nov 23, 2016"
22-11-2016,76.10,77.40,71.70,72.50,70.23,"39,776","Nov 22, 2016"
21-11-2016,79.20,79.20,74.70,75.25,72.89,"28,886","Nov 21, 2016"
18-11-2016,78.00,78.95,77.30,78.05,75.61,"16,708","Nov 18, 2016"
17-11-2016,78.20,80.95,77.10,77.65,75.22,"23,344","Nov 17, 2016"
16-11-2016,81.10,82.90,79.10,79.60,77.11,"30,949","Nov 16, 2016"
15-11-2016,86.55,86.60,80.60,81.10,78.56,"36,837","Nov 15, 2016"
11-11-2016,81.55,91.25,81.55,86.55,83.84,"290,472","Nov 11, 2016"
10-11-2016,83.00,87.00,82.65,84.45,81.81,"23,742","Nov 10, 2016"
09-11-2016,80.70,83.80,70.10,81.50,78.95,"55,500","Nov 09, 2016"
08-11-2016,85.70,86.90,84.00,84.80,82.14,"24,542","Nov 08, 2016"
07-11-2016,88.80,88.80,85.50,85.75,83.06,"24,047","Nov 07, 2016"
04-11-2016,91.00,92.80,84.85,85.40,82.73,"115,832","Nov 04, 2016"
03-11-2016,88.30,92.00,87.50,88.90,86.12,"130,474","Nov 03, 2016"
02-11-2016,88.30,90.40,87.50,87.90,85.15,"88,968","Nov 02, 2016"
01-11-2016,88.35,91.75,88.35,90.40,87.57,"38,179","Nov 01, 2016"
28-10-2016,89.60,90.60,88.00,88.50,85.73,"41,896","Oct 28, 2016"
27-10-2016,92.00,92.70,89.45,90.15,87.33,"46,457","Oct 27, 2016"
26-10-2016,86.00,94.40,85.80,91.90,89.02,"306,177","Oct 26, 2016"
25-10-2016,87.35,89.20,85.55,86.55,83.84,"61,959","Oct 25, 2016"
24-10-2016,88.50,90.30,86.55,87.05,84.32,"39,847","Oct 24, 2016"
21-10-2016,86.20,94.70,86.20,88.45,85.68,"34,543","Oct 21, 2016"
20-10-2016,89.00,89.00,86.10,86.90,84.18,"63,828","Oct 20, 2016"
19-10-2016,89.00,91.40,88.50,89.90,87.08,"148,160","Oct 19, 2016"
18-10-2016,86.50,88.50,85.55,87.20,84.47,"151,839","Oct 18, 2016"
17-10-2016,86.40,86.75,84.00,84.30,81.66,"30,906","Oct 17, 2016"
14-10-2016,87.25,87.25,84.50,84.90,82.24,"48,967","Oct 14, 2016"
13-10-2016,87.15,89.90,84.75,86.55,83.84,"44,650","Oct 13, 2016"
10-10-2016,88.00,89.40,87.00,88.45,85.68,"48,335","Oct 10, 2016"
07-10-2016,88.00,89.00,87.25,88.35,85.58,"33,979","Oct 07, 2016"
06-10-2016,89.70,90.00,86.95,88.35,85.58,"97,982","Oct 06, 2016"
05-10-2016,89.00,90.50,88.05,88.25,85.49,"75,098","Oct 05, 2016"
04-10-2016,90.00,90.20,88.05,89.10,86.31,"33,608","Oct 04, 2016"
03-10-2016,90.00,91.65,88.80,89.75,86.94,"119,801","Oct 03, 2016"
30-09-2016,85.50,86.50,83.55,85.65,82.97,"79,928","Sep 30, 2016"
29-09-2016,91.95,92.60,81.55,85.05,82.39,"228,846","Sep 29, 2016"
28-09-2016,90.30,93.20,89.10,90.70,87.86,"140,921","Sep 28, 2016"
27-09-2016,91.10,92.50,89.50,89.90,87.08,"52,048","Sep 27, 2016"
26-09-2016,92.45,92.45,90.50,90.75,87.91,"36,444","Sep 26, 2016"
23-09-2016,95.25,95.90,91.10,92.30,89.41,"73,424","Sep 23, 2016"
22-09-2016,95.00,97.00,93.70,94.05,91.10,"58,645","Sep 22, 2016"
21-09-2016,91.65,95.80,91.65,93.30,90.38,"126,326","Sep 21, 2016"
20-09-2016,90.15,93.40,90.15,92.00,89.12,"39,518","Sep 20, 2016"
20-09-2016,0.229967 Dividend,,,,,,"Sep 20, 2016"
19-09-2016,93.00,93.40,91.10,91.45,88.36,"53,832","Sep 19, 2016"
16-09-2016,94.00,95.70,92.10,93.95,90.78,"58,490","Sep 16, 2016"
15-09-2016,93.60,96.00,93.40,94.15,90.97,"46,532","Sep 15, 2016"
14-09-2016,96.05,97.20,94.20,94.60,91.41,"50,159","Sep 14, 2016"
12-09-2016,96.80,99.45,91.80,95.15,91.94,"182,444","Sep 12, 2016"
09-09-2016,95.70,98.90,94.85,97.20,93.92,"293,231","Sep 09, 2016"
08-09-2016,94.25,95.25,92.30,93.10,89.96,"38,694","Sep 08, 2016"
07-09-2016,93.95,96.00,92.80,94.20,91.02,"101,269","Sep 07, 2016"
06-09-2016,93.95,95.25,92.25,92.65,89.52,"69,538","Sep 06, 2016"
02-09-2016,94.40,94.40,92.25,92.90,89.76,"67,108","Sep 02, 2016"
01-09-2016,91.00,93.45,89.60,91.00,87.93,"72,952","Sep 01, 2016"
31-08-2016,90.50,94.65,89.75,90.25,87.20,"162,906","Aug 31, 2016"
30-08-2016,89.95,91.50,88.80,89.90,86.87,"53,945","Aug 30, 2016"
29-08-2016,90.65,92.25,88.95,89.25,86.24,"61,815","Aug 29, 2016"
26-08-2016,93.00,94.90,91.25,91.60,88.51,"45,187","Aug 26, 2016"
25-08-2016,92.00,93.75,92.00,92.80,89.67,"46,737","Aug 25, 2016"
24-08-2016,92.00,93.00,90.60,91.35,88.27,"86,496","Aug 24, 2016"
23-08-2016,92.00,94.05,91.25,91.80,88.70,"61,183","Aug 23, 2016"
22-08-2016,94.20,94.90,90.10,91.80,88.70,"91,201","Aug 22, 2016"
19-08-2016,93.95,95.60,93.20,93.85,90.68,"101,667","Aug 19, 2016"
18-08-2016,94.20,95.40,93.15,93.90,90.73,"144,397","Aug 18, 2016"
17-08-2016,91.90,95.40,88.50,93.35,90.20,"361,014","Aug 17, 2016"
16-08-2016,94.75,95.80,89.20,89.90,86.87,"158,116","Aug 16, 2016"
12-08-2016,94.05,98.10,93.10,95.05,91.84,"129,689","Aug 12, 2016"
11-08-2016,99.70,99.70,94.15,94.75,91.55,"123,837","Aug 11, 2016"
10-08-2016,107.40,107.40,98.55,99.05,95.71,"154,114","Aug 10, 2016"
09-08-2016,108.00,108.00,100.85,101.90,98.46,"87,294","Aug 09, 2016"
08-08-2016,105.65,109.80,104.25,107.55,103.92,"177,038","Aug 08, 2016"
05-08-2016,107.20,109.70,102.50,104.80,101.26,"221,200","Aug 05, 2016"
04-08-2016,119.85,121.40,103.20,105.45,101.89,"643,404","Aug 04, 2016"
03-08-2016,123.40,123.40,116.15,117.30,113.34,"456,294","Aug 03, 2016"
02-08-2016,119.70,125.40,119.00,123.95,119.77,"579,377","Aug 02, 2016"
01-08-2016,122.40,122.40,116.50,117.75,113.78,"172,583","Aug 01, 2016"
29-07-2016,122.75,123.20,118.20,121.15,117.06,"296,989","Jul 29, 2016"
28-07-2016,117.10,123.50,117.10,121.65,117.54,"714,958","Jul 28, 2016"
27-07-2016,114.20,117.85,114.20,115.75,111.84,"119,545","Jul 27, 2016"
26-07-2016,121.40,121.45,114.40,115.70,111.79,"183,202","Jul 26, 2016"
25-07-2016,121.00,122.80,120.20,121.00,116.92,"236,646","Jul 25, 2016"
22-07-2016,118.90,123.00,116.75,119.75,115.71,"416,122","Jul 22, 2016"
21-07-2016,121.90,123.00,116.60,118.20,114.21,"165,543","Jul 21, 2016"
20-07-2016,119.05,124.00,117.65,120.75,116.67,"407,576","Jul 20, 2016"
19-07-2016,118.40,118.40,114.55,116.10,112.18,"96,763","Jul 19, 2016"
18-07-2016,120.85,121.80,115.55,116.55,112.62,"243,977","Jul 18, 2016"
15-07-2016,125.00,125.85,116.40,117.65,113.68,"697,702","Jul 15, 2016"
14-07-2016,115.00,124.65,113.20,122.95,118.80,"538,996","Jul 14, 2016"
13-07-2016,117.70,117.70,112.20,113.25,109.43,"113,914","Jul 13, 2016"
12-07-2016,118.50,119.05,115.85,117.60,113.63,"105,645","Jul 12, 2016"
11-07-2016,120.65,122.30,117.70,118.80,114.79,"175,964","Jul 11, 2016"
08-07-2016,116.00,119.70,113.25,119.00,114.98,"464,629","Jul 08, 2016"
07-07-2016,114.00,117.70,113.35,114.40,110.54,"311,689","Jul 07, 2016"
05-07-2016,111.55,114.50,110.75,113.75,109.91,"103,648","Jul 05, 2016"
04-07-2016,112.50,113.85,109.65,112.20,108.41,"146,225","Jul 04, 2016"
01-07-2016,113.60,113.60,110.85,111.30,107.54,"88,325","Jul 01, 2016"
30-06-2016,113.65,114.90,112.00,112.80,108.99,"214,892","Jun 30, 2016"
29-06-2016,111.40,114.00,109.35,112.15,108.36,"309,963","Jun 29, 2016"
28-06-2016,110.25,111.25,107.10,109.75,106.05,"157,253","Jun 28, 2016"
27-06-2016,108.15,111.40,104.70,109.25,105.56,"248,169","Jun 27, 2016"
24-06-2016,101.05,107.45,96.30,106.75,103.15,"382,692","Jun 24, 2016"
23-06-2016,107.90,108.50,103.75,105.25,101.70,"155,630","Jun 23, 2016"
22-06-2016,110.80,113.30,105.05,106.95,103.34,"373,158","Jun 22, 2016"
21-06-2016,105.85,112.50,105.00,109.95,106.24,"456,494","Jun 21, 2016"
20-06-2016,100.20,106.40,100.20,104.30,100.78,"151,206","Jun 20, 2016"
17-06-2016,106.00,107.75,102.20,103.10,99.62,"136,125","Jun 17, 2016"
16-06-2016,108.35,108.35,103.00,105.30,101.75,"205,530","Jun 16, 2016"
15-06-2016,109.00,112.00,107.25,108.50,104.84,"312,610","Jun 15, 2016"
14-06-2016,119.10,121.25,106.00,107.25,103.63,"910,523","Jun 14, 2016"
13-06-2016,116.95,119.00,114.05,117.95,113.97,"623,983","Jun 13, 2016"
10-06-2016,112.75,117.90,112.25,116.85,112.91,"502,212","Jun 10, 2016"
09-06-2016,110.70,114.00,110.10,112.15,108.36,"414,689","Jun 09, 2016"
08-06-2016,101.60,112.25,101.60,110.65,106.92,"1,250,964","Jun 08, 2016"
07-06-2016,101.90,102.70,100.10,100.85,97.45,"66,259","Jun 07, 2016"
06-06-2016,102.85,103.75,100.10,100.95,97.54,"71,825","Jun 06, 2016"
03-06-2016,100.55,103.90,98.30,102.25,98.80,"261,447","Jun 03, 2016"
02-06-2016,100.55,101.00,97.35,100.25,96.87,"100,050","Jun 02, 2016"
01-06-2016,100.00,102.75,98.60,99.75,96.38,"115,375","Jun 01, 2016"
31-05-2016,99.65,101.50,97.00,99.50,96.14,"161,896","May 31, 2016"
30-05-2016,99.00,103.25,96.75,98.30,94.98,"147,651","May 30, 2016"
27-05-2016,98.85,100.00,97.50,98.80,95.47,"87,323","May 27, 2016"
26-05-2016,97.95,100.00,96.00,98.00,94.69,"113,541","May 26, 2016"
25-05-2016,96.00,98.50,94.60,97.05,93.77,"156,302","May 25, 2016"
24-05-2016,99.60,100.35,92.80,94.40,91.21,"121,363","May 24, 2016"
23-05-2016,103.45,104.75,97.50,99.45,96.09,"116,260","May 23, 2016"
20-05-2016,101.00,106.80,100.95,102.10,98.65,"547,231","May 20, 2016"
19-05-2016,93.80,104.40,93.30,99.40,96.05,"612,474","May 19, 2016"
18-05-2016,95.95,95.95,93.55,94.10,90.92,"40,938","May 18, 2016"
17-05-2016,95.30,97.35,94.00,95.95,92.71,"88,458","May 17, 2016"
16-05-2016,91.55,95.20,90.10,94.25,91.07,"138,027","May 16, 2016"
13-05-2016,91.00,93.80,89.90,92.15,89.04,"96,282","May 13, 2016"
12-05-2016,90.90,93.75,89.20,91.65,88.56,"96,456","May 12, 2016"
11-05-2016,89.55,91.10,89.00,89.70,86.67,"35,085","May 11, 2016"
10-05-2016,89.40,93.90,89.40,90.95,87.88,"90,208","May 10, 2016"
09-05-2016,89.80,90.20,88.10,88.80,85.80,"27,236","May 09, 2016"
06-05-2016,89.60,90.70,87.90,88.25,85.27,"36,653","May 06, 2016"
05-05-2016,90.25,91.05,88.85,89.80,86.77,"43,232","May 05, 2016"
04-05-2016,91.85,92.30,89.25,89.95,86.91,"37,819","May 04, 2016"
03-05-2016,94.75,94.75,91.50,92.50,89.38,"56,721","May 03, 2016"
02-05-2016,93.00,94.10,91.15,92.95,89.81,"75,420","May 02, 2016"
29-04-2016,96.15,97.00,90.50,93.25,90.10,"82,298","Apr 29, 2016"
28-04-2016,99.55,99.55,95.10,95.95,92.71,"43,980","Apr 28, 2016"
27-04-2016,99.75,100.70,97.70,98.50,95.18,"108,190","Apr 27, 2016"
26-04-2016,98.30,100.80,97.15,99.10,95.76,"76,123","Apr 26, 2016"
25-04-2016,99.00,99.95,97.45,99.10,95.76,"68,346","Apr 25, 2016"
22-04-2016,99.50,102.00,98.00,99.25,95.90,"117,050","Apr 22, 2016"
21-04-2016,102.10,102.60,98.50,100.00,96.62,"119,458","Apr 21, 2016"
20-04-2016,102.00,104.65,97.50,101.10,97.69,"390,483","Apr 20, 2016"
18-04-2016,104.80,105.00,101.40,103.80,100.30,"129,831","Apr 18, 2016"
13-04-2016,104.75,106.40,102.85,104.20,100.68,"179,220","Apr 13, 2016"
12-04-2016,102.15,106.50,99.60,103.75,100.25,"300,465","Apr 12, 2016"
11-04-2016,102.10,104.00,98.50,101.50,98.07,"217,247","Apr 11, 2016"
08-04-2016,96.90,102.70,95.30,100.30,96.91,"211,670","Apr 08, 2016"
07-04-2016,92.00,99.80,90.50,96.20,92.95,"536,487","Apr 07, 2016"
06-04-2016,91.50,92.75,88.45,92.15,89.04,"145,677","Apr 06, 2016"
05-04-2016,92.20,92.25,89.25,89.95,86.91,"51,549","Apr 05, 2016"
04-04-2016,91.70,95.00,91.00,93.00,89.86,"130,929","Apr 04, 2016"
01-04-2016,91.55,93.20,89.35,90.75,87.69,"98,579","Apr 01, 2016"
31-03-2016,87.05,97.50,85.75,91.80,88.70,"369,591","Mar 31, 2016"
30-03-2016,85.00,88.80,84.60,87.20,84.26,"147,955","Mar 30, 2016"
29-03-2016,85.65,86.10,82.05,82.40,79.62,"79,474","Mar 29, 2016"
28-03-2016,87.90,88.35,84.60,84.90,82.03,"33,506","Mar 28, 2016"
23-03-2016,88.55,89.60,86.60,87.30,84.35,"36,482","Mar 23, 2016"
22-03-2016,89.20,89.75,87.65,89.05,86.04,"85,502","Mar 22, 2016"
21-03-2016,87.35,90.40,86.00,89.55,86.53,"113,352","Mar 21, 2016"
18-03-2016,87.25,88.00,85.90,86.40,83.48,"39,963","Mar 18, 2016"
17-03-2016,87.00,89.70,86.25,86.90,83.97,"88,406","Mar 17, 2016"
16-03-2016,87.75,88.40,85.10,86.40,83.48,"50,222","Mar 16, 2016"
15-03-2016,87.55,89.50,87.10,87.40,84.45,"73,033","Mar 15, 2016"
14-03-2016,90.60,92.50,88.05,88.50,85.51,"93,658","Mar 14, 2016"
11-03-2016,91.45,92.50,88.35,89.30,86.29,"109,451","Mar 11, 2016"
10-03-2016,91.40,92.90,89.65,90.80,87.74,"167,435","Mar 10, 2016"
09-03-2016,90.70,91.50,88.00,90.70,87.64,"129,421","Mar 09, 2016"
08-03-2016,89.75,91.60,87.00,89.90,86.87,"73,016","Mar 08, 2016"
04-03-2016,89.20,92.45,87.00,89.30,86.29,"214,147","Mar 04, 2016"
03-03-2016,83.90,92.00,82.00,90.70,87.64,"347,935","Mar 03, 2016"
02-03-2016,84.20,88.20,80.50,83.70,80.87,"137,237","Mar 02, 2016"
01-03-2016,78.95,84.70,77.55,82.85,80.05,"119,770","Mar 01, 2016"
29-02-2016,77.15,79.45,76.00,77.05,74.45,"68,712","Feb 29, 2016"
26-02-2016,81.55,81.70,77.60,78.65,76.00,"39,517","Feb 26, 2016"
25-02-2016,79.75,81.85,77.55,79.85,77.15,"101,885","Feb 25, 2016"
24-02-2016,77.75,81.50,77.50,78.60,75.95,"98,211","Feb 24, 2016"
23-02-2016,81.40,81.40,77.30,78.70,76.04,"80,003","Feb 23, 2016"
22-02-2016,82.60,84.35,80.00,80.75,78.02,"68,279","Feb 22, 2016"
19-02-2016,82.50,83.90,81.30,81.95,79.18,"51,717","Feb 19, 2016"
18-02-2016,81.50,84.85,80.10,83.50,80.68,"91,091","Feb 18, 2016"
17-02-2016,84.90,85.00,78.40,79.85,77.15,"86,426","Feb 17, 2016"
16-02-2016,87.00,90.10,82.00,82.70,79.91,"115,212","Feb 16, 2016"
15-02-2016,84.50,89.95,82.55,85.30,82.42,"108,066","Feb 15, 2016"
12-02-2016,83.05,83.95,76.30,81.15,78.41,"145,751","Feb 12, 2016"
11-02-2016,91.75,92.20,81.80,82.55,79.76,"101,190","Feb 11, 2016"
10-02-2016,91.00,96.40,89.65,91.45,88.36,"130,298","Feb 10, 2016"
09-02-2016,91.50,92.50,88.90,90.15,87.11,"56,820","Feb 09, 2016"
08-02-2016,96.35,96.40,92.30,92.60,89.47,"86,361","Feb 08, 2016"
05-02-2016,94.10,97.00,93.10,96.00,92.76,"78,558","Feb 05, 2016"
04-02-2016,94.50,98.50,92.00,93.75,90.59,"142,305","Feb 04, 2016"
03-02-2016,96.00,96.95,91.25,93.20,90.05,"77,552","Feb 03, 2016"
02-02-2016,102.00,104.80,96.05,98.00,94.69,"119,934","Feb 02, 2016"
01-02-2016,98.90,110.90,95.60,101.70,98.27,"316,959","Feb 01, 2016"
29-01-2016,97.50,101.25,97.00,97.75,94.45,"59,467","Jan 29, 2016"
28-01-2016,94.10,99.25,94.00,96.85,93.58,"163,990","Jan 28, 2016"
27-01-2016,90.60,94.90,89.60,93.35,90.20,"152,704","Jan 27, 2016"
25-01-2016,90.95,92.20,88.10,90.60,87.54,"87,106","Jan 25, 2016"
22-01-2016,86.55,92.05,86.10,88.45,85.46,"126,918","Jan 22, 2016"
21-01-2016,87.10,89.00,81.50,85.15,82.28,"98,832","Jan 21, 2016"
20-01-2016,89.30,89.30,82.05,86.40,83.48,"55,829","Jan 20, 2016"
19-01-2016,92.00,94.50,86.45,90.00,86.96,"110,938","Jan 19, 2016"
18-01-2016,91.60,95.30,88.00,89.35,86.33,"86,830","Jan 18, 2016"
15-01-2016,105.90,108.10,87.15,94.45,91.26,"130,823","Jan 15, 2016"
14-01-2016,107.00,107.50,101.20,103.30,99.81,"53,508","Jan 14, 2016"
13-01-2016,114.15,115.80,105.00,108.40,104.74,"119,776","Jan 13, 2016"
12-01-2016,113.80,117.40,110.40,112.70,108.90,"85,052","Jan 12, 2016"
11-01-2016,113.95,116.50,110.15,113.85,110.01,"171,728","Jan 11, 2016"
08-01-2016,111.00,117.45,111.00,115.55,111.65,"248,114","Jan 08, 2016"
07-01-2016,112.20,113.25,105.60,106.75,103.15,"171,922","Jan 07, 2016"
06-01-2016,115.85,117.70,113.70,114.20,110.35,"91,867","Jan 06, 2016"
05-01-2016,114.25,117.80,114.25,115.55,111.65,"70,285","Jan 05, 2016"
04-01-2016,116.80,119.00,113.40,114.00,110.15,"107,595","Jan 04, 2016"
01-01-2016,116.30,118.50,115.50,116.30,112.37,"76,536","Jan 01, 2016"
31-12-2015,117.75,118.90,114.50,115.30,111.41,"75,997","Dec 31, 2015"
30-12-2015,119.30,120.00,116.20,116.45,112.52,"66,190","Dec 30, 2015"
29-12-2015,116.15,121.30,116.00,119.15,115.13,"230,661","Dec 29, 2015"
28-12-2015,120.40,120.40,116.00,116.45,112.52,"86,821","Dec 28, 2015"
24-12-2015,115.80,121.80,112.60,119.65,115.61,"302,034","Dec 24, 2015"
23-12-2015,117.70,118.25,113.15,114.95,111.07,"105,653","Dec 23, 2015"
22-12-2015,117.80,119.70,114.70,115.95,112.04,"120,899","Dec 22, 2015"
21-12-2015,116.10,121.30,116.10,117.45,113.49,"171,506","Dec 21, 2015"
18-12-2015,118.75,124.80,117.50,120.75,116.67,"376,015","Dec 18, 2015"
17-12-2015,119.40,123.05,116.05,119.20,115.18,"379,394","Dec 17, 2015"
16-12-2015,122.70,125.65,120.00,121.15,117.06,"223,029","Dec 16, 2015"
15-12-2015,126.00,126.00,120.00,120.85,116.77,"221,116","Dec 15, 2015"
14-12-2015,126.90,131.00,120.75,125.10,120.88,"744,297","Dec 14, 2015"
11-12-2015,117.80,129.25,114.00,124.85,120.64,"783,581","Dec 11, 2015"
10-12-2015,117.70,120.00,115.00,116.90,112.95,"484,350","Dec 10, 2015"
09-12-2015,132.00,132.00,109.00,112.10,108.32,"742,697","Dec 09, 2015"
08-12-2015,137.55,142.00,132.55,134.00,129.48,"315,370","Dec 08, 2015"
07-12-2015,140.40,142.65,136.65,138.40,133.73,"231,206","Dec 07, 2015"
04-12-2015,136.70,143.50,136.45,139.40,134.69,"641,854","Dec 04, 2015"
03-12-2015,135.50,143.00,132.95,137.50,132.86,"575,004","Dec 03, 2015"
02-12-2015,137.85,138.15,132.00,135.55,130.97,"229,784","Dec 02, 2015"
01-12-2015,132.90,142.00,132.90,137.00,132.38,"389,744","Dec 01, 2015"
30-11-2015,139.25,140.40,131.00,131.95,127.50,"443,556","Nov 30, 2015"
27-11-2015,134.00,142.50,134.00,138.25,133.58,"882,058","Nov 27, 2015"
26-11-2015,123.85,140.80,123.00,132.95,128.46,"1,447,540","Nov 26, 2015"
24-11-2015,121.00,126.10,119.00,122.85,118.70,"468,788","Nov 24, 2015"
23-11-2015,118.00,122.70,116.75,120.75,116.67,"293,477","Nov 23, 2015"
20-11-2015,119.00,124.40,115.60,116.95,113.00,"831,774","Nov 20, 2015"
19-11-2015,103.30,122.00,102.70,120.05,116.00,"1,623,602","Nov 19, 2015"
18-11-2015,95.50,103.50,95.10,101.70,98.27,"647,297","Nov 18, 2015"
17-11-2015,97.05,97.40,92.75,95.20,91.99,"133,993","Nov 17, 2015"
16-11-2015,89.50,97.80,88.05,96.15,92.90,"251,025","Nov 16, 2015"
13-11-2015,90.65,92.45,88.05,90.30,87.25,"49,095","Nov 13, 2015"
10-11-2015,89.35,93.00,88.05,89.70,86.67,"92,722","Nov 10, 2015"
09-11-2015,84.50,91.00,82.30,87.65,84.69,"123,734","Nov 09, 2015"
06-11-2015,87.00,90.00,86.50,87.10,84.16,"34,603","Nov 06, 2015"
05-11-2015,89.50,91.80,87.05,87.50,84.55,"28,736","Nov 05, 2015"
04-11-2015,89.35,93.80,87.10,89.40,86.38,"91,635","Nov 04, 2015"
03-11-2015,88.70,90.95,87.00,87.65,84.69,"57,339","Nov 03, 2015"
02-11-2015,92.15,94.00,83.10,87.50,84.55,"146,292","Nov 02, 2015"
30-10-2015,91.55,94.00,90.15,91.35,88.27,"53,048","Oct 30, 2015"
29-10-2015,91.30,94.65,91.30,92.15,89.04,"78,220","Oct 29, 2015"
28-10-2015,86.80,95.00,85.90,91.30,88.22,"279,123","Oct 28, 2015"
27-10-2015,86.50,87.90,85.50,86.55,83.63,"24,120","Oct 27, 2015"
26-10-2015,91.60,91.70,86.20,87.25,84.31,"54,603","Oct 26, 2015"
23-10-2015,92.00,92.15,90.00,90.25,87.20,"33,747","Oct 23, 2015"
21-10-2015,92.00,94.40,89.30,90.60,87.54,"71,106","Oct 21, 2015"
20-10-2015,93.90,95.40,90.90,91.70,88.60,"47,522","Oct 20, 2015"
19-10-2015,94.95,97.00,93.10,93.95,90.78,"100,925","Oct 19, 2015"
16-10-2015,96.70,98.80,92.90,94.00,90.83,"221,417","Oct 16, 2015"
15-10-2015,91.40,96.50,90.80,95.40,92.18,"224,138","Oct 15, 2015"
14-10-2015,91.70,93.00,87.75,89.75,86.72,"61,791","Oct 14, 2015"
13-10-2015,89.10,92.80,89.00,90.65,87.59,"74,177","Oct 13, 2015"
12-10-2015,92.00,92.85,88.65,89.15,86.14,"54,364","Oct 12, 2015"
09-10-2015,89.00,93.50,87.70,92.25,89.14,"232,422","Oct 09, 2015"
08-10-2015,91.50,91.70,84.50,86.65,83.73,"132,319","Oct 08, 2015"
07-10-2015,82.80,92.85,82.75,90.70,87.64,"539,140","Oct 07, 2015"
06-10-2015,84.00,84.60,81.75,82.55,79.76,"27,421","Oct 06, 2015"
05-10-2015,82.95,83.35,82.10,82.80,80.01,"22,644","Oct 05, 2015"
01-10-2015,82.15,83.95,81.20,81.70,78.94,"41,446","Oct 01, 2015"
30-09-2015,81.85,82.30,80.15,81.30,78.56,"30,752","Sep 30, 2015"
29-09-2015,80.05,82.50,77.75,79.90,77.20,"48,014","Sep 29, 2015"
28-09-2015,83.90,84.80,80.30,81.00,78.27,"37,711","Sep 28, 2015"
24-09-2015,84.00,85.75,82.15,82.60,79.81,"30,373","Sep 24, 2015"
23-09-2015,83.00,84.50,79.65,83.40,80.59,"32,004","Sep 23, 2015"
22-09-2015,84.50,89.50,83.30,84.15,81.31,"191,746","Sep 22, 2015"
21-09-2015,83.20,84.90,82.75,83.90,81.07,"34,777","Sep 21, 2015"
18-09-2015,84.40,86.95,83.20,83.90,81.07,"46,644","Sep 18, 2015"
16-09-2015,83.95,85.25,82.50,82.80,80.01,"68,035","Sep 16, 2015"
15-09-2015,84.05,85.90,81.25,82.00,79.23,"24,626","Sep 15, 2015"
14-09-2015,83.90,86.40,83.70,84.70,81.84,"39,842","Sep 14, 2015"
11-09-2015,80.90,87.85,80.90,83.85,81.02,"147,743","Sep 11, 2015"
10-09-2015,79.35,80.80,75.15,79.50,76.82,"57,710","Sep 10, 2015"
09-09-2015,81.20,86.95,80.15,81.20,78.46,"166,827","Sep 09, 2015"
08-09-2015,76.00,81.95,75.55,80.80,78.07,"96,044","Sep 08, 2015"
07-09-2015,80.75,80.75,74.20,74.80,72.28,"38,244","Sep 07, 2015"
07-09-2015,0.229967 Dividend,,,,,,"Sep 07, 2015"
04-09-2015,85.00,85.00,78.00,78.85,75.97,"84,734","Sep 04, 2015"
03-09-2015,86.00,87.90,85.00,85.50,82.37,"43,970","Sep 03, 2015"
02-09-2015,86.00,88.05,84.05,85.35,82.23,"85,113","Sep 02, 2015"
01-09-2015,88.10,90.50,82.60,83.55,80.49,"130,228","Sep 01, 2015"
31-08-2015,90.70,94.05,87.40,90.90,87.58,"146,352","Aug 31, 2015"
28-08-2015,83.55,96.40,82.15,91.20,87.86,"396,401","Aug 28, 2015"
27-08-2015,78.00,84.25,78.00,82.00,79.00,"90,323","Aug 27, 2015"
26-08-2015,72.55,80.00,72.50,76.45,73.65,"120,979","Aug 26, 2015"
25-08-2015,74.55,78.00,65.00,72.45,69.80,"128,368","Aug 25, 2015"
24-08-2015,83.05,83.40,69.00,73.15,70.47,"139,361","Aug 24, 2015"
21-08-2015,87.00,88.90,83.10,86.25,83.10,"38,400","Aug 21, 2015"
20-08-2015,91.20,94.00,88.70,89.70,86.42,"29,563","Aug 20, 2015"
19-08-2015,93.65,94.20,91.50,92.80,89.41,"46,505","Aug 19, 2015"
18-08-2015,93.45,94.25,91.00,92.85,89.45,"36,795","Aug 18, 2015"
17-08-2015,91.70,93.20,88.40,92.15,88.78,"57,248","Aug 17, 2015"
14-08-2015,91.70,92.00,89.95,90.95,87.62,"77,497","Aug 14, 2015"
13-08-2015,97.00,99.00,89.25,90.45,87.14,"76,845","Aug 13, 2015"
12-08-2015,99.90,101.70,95.10,96.10,92.59,"119,269","Aug 12, 2015"
11-08-2015,102.00,104.25,98.75,99.95,96.29,"346,291","Aug 11, 2015"
10-08-2015,99.20,102.00,94.90,97.45,93.89,"125,038","Aug 10, 2015"
07-08-2015,98.95,100.90,98.00,98.25,94.66,"47,236","Aug 07, 2015"
06-08-2015,100.95,102.95,97.50,98.10,94.51,"103,739","Aug 06, 2015"
05-08-2015,100.25,103.75,99.80,100.30,96.63,"100,168","Aug 05, 2015"
04-08-2015,99.50,102.90,98.25,101.75,98.03,"96,029","Aug 04, 2015"
03-08-2015,101.00,103.50,99.05,100.10,96.44,"42,554","Aug 03, 2015"
31-07-2015,101.10,104.50,100.50,101.25,97.55,"63,550","Jul 31, 2015"
30-07-2015,105.10,109.75,102.00,103.55,99.76,"208,929","Jul 30, 2015"
29-07-2015,98.80,102.50,98.05,100.15,96.49,"76,483","Jul 29, 2015"
28-07-2015,99.90,102.00,95.45,97.60,94.03,"80,269","Jul 28, 2015"
27-07-2015,104.00,104.25,98.05,98.80,95.19,"72,380","Jul 27, 2015"
24-07-2015,107.60,107.90,104.00,104.25,100.44,"45,262","Jul 24, 2015"
23-07-2015,106.95,109.60,106.00,107.45,103.52,"107,622","Jul 23, 2015"
22-07-2015,103.00,108.00,103.00,106.20,102.32,"148,627","Jul 22, 2015"
21-07-2015,111.90,113.45,102.70,103.35,99.57,"188,863","Jul 21, 2015"
20-07-2015,103.90,113.90,103.10,111.10,107.04,"421,298","Jul 20, 2015"
17-07-2015,103.30,104.60,100.10,101.45,97.74,"103,577","Jul 17, 2015"
16-07-2015,101.25,104.80,101.25,101.95,98.22,"57,602","Jul 16, 2015"
15-07-2015,105.95,107.70,100.40,101.70,97.98,"120,547","Jul 15, 2015"
14-07-2015,99.45,107.60,97.30,105.00,101.16,"306,344","Jul 14, 2015"
13-07-2015,101.00,101.70,98.00,98.65,95.04,"62,266","Jul 13, 2015"
10-07-2015,100.20,103.80,99.50,99.85,96.20,"95,451","Jul 10, 2015"
09-07-2015,101.00,105.35,99.50,100.10,96.44,"231,477","Jul 09, 2015"
08-07-2015,99.85,105.80,97.00,100.00,96.34,"392,304","Jul 08, 2015"
07-07-2015,89.00,104.15,89.00,99.35,95.72,"855,167","Jul 07, 2015"
06-07-2015,87.05,89.25,85.15,88.75,85.50,"108,581","Jul 06, 2015"
03-07-2015,89.10,93.00,88.25,89.15,85.89,"138,456","Jul 03, 2015"
02-07-2015,88.50,90.10,87.50,89.05,85.79,"204,751","Jul 02, 2015"
01-07-2015,84.45,87.00,84.10,85.25,82.13,"58,224","Jul 01, 2015"
30-06-2015,83.35,85.00,83.00,83.40,80.35,"72,198","Jun 30, 2015"
29-06-2015,85.80,85.80,82.50,83.55,80.49,"94,271","Jun 29, 2015"
26-06-2015,84.80,91.50,84.10,87.95,84.73,"228,795","Jun 26, 2015"
25-06-2015,84.50,87.25,82.00,83.85,80.78,"124,846","Jun 25, 2015"
24-06-2015,86.85,88.40,83.05,84.50,81.41,"92,126","Jun 24, 2015"
23-06-2015,81.60,88.50,80.00,86.05,82.90,"199,985","Jun 23, 2015"
22-06-2015,86.00,87.30,80.00,81.30,78.33,"195,912","Jun 22, 2015"
19-06-2015,90.15,91.50,84.00,85.50,82.37,"110,056","Jun 19, 2015"
18-06-2015,92.70,93.60,88.60,89.35,86.08,"163,939","Jun 18, 2015"
17-06-2015,90.10,93.70,90.10,90.85,87.53,"76,947","Jun 17, 2015"
16-06-2015,91.00,92.25,87.85,89.90,86.61,"87,206","Jun 16, 2015"
15-06-2015,90.45,94.00,88.20,91.60,88.25,"65,293","Jun 15, 2015"
12-06-2015,90.00,91.70,89.05,90.45,87.14,"40,469","Jun 12, 2015"
11-06-2015,93.85,95.70,89.75,90.15,86.85,"61,758","Jun 11, 2015"
10-06-2015,93.15,97.00,91.30,93.35,89.94,"70,405","Jun 10, 2015"
09-06-2015,93.00,93.80,90.50,92.45,89.07,"99,796","Jun 09, 2015"
08-06-2015,98.80,100.50,92.05,93.30,89.89,"104,206","Jun 08, 2015"
05-06-2015,93.15,104.00,91.10,98.80,95.19,"451,257","Jun 05, 2015"
04-06-2015,93.50,94.40,90.10,93.15,89.74,"48,754","Jun 04, 2015"
03-06-2015,97.00,98.50,88.95,92.80,89.41,"99,523","Jun 03, 2015"
02-06-2015,100.25,101.00,95.00,95.80,92.30,"69,186","Jun 02, 2015"
01-06-2015,104.50,106.45,98.60,99.25,95.62,"143,134","Jun 01, 2015"
29-05-2015,110.00,112.50,102.40,103.05,99.28,"123,069","May 29, 2015"
28-05-2015,107.20,108.45,104.95,107.30,103.38,"66,531","May 28, 2015"
27-05-2015,105.00,108.00,104.60,105.85,101.98,"44,544","May 27, 2015"
26-05-2015,109.80,109.90,106.10,106.95,103.04,"36,686","May 26, 2015"
25-05-2015,108.70,109.90,107.00,108.10,104.15,"42,607","May 25, 2015"
22-05-2015,108.85,110.80,107.00,107.50,103.57,"64,502","May 22, 2015"
21-05-2015,109.05,110.15,107.40,107.95,104.00,"55,311","May 21, 2015"
20-05-2015,111.00,113.50,108.30,108.95,104.97,"70,991","May 20, 2015"
19-05-2015,110.70,114.40,108.00,111.45,107.37,"119,843","May 19, 2015"
18-05-2015,104.10,115.75,104.10,111.50,107.42,"372,578","May 18, 2015"
15-05-2015,104.00,105.85,103.50,104.10,100.29,"67,952","May 15, 2015"
14-05-2015,103.40,105.00,100.10,102.90,99.14,"79,770","May 14, 2015"
13-05-2015,104.45,105.50,100.20,102.60,98.85,"103,733","May 13, 2015"
12-05-2015,109.00,109.80,101.20,102.15,98.41,"118,022","May 12, 2015"
11-05-2015,109.85,110.50,107.85,109.25,105.25,"86,477","May 11, 2015"
08-05-2015,108.65,111.00,107.60,108.15,104.19,"82,360","May 08, 2015"
07-05-2015,109.00,112.25,106.00,107.10,103.18,"120,675","May 07, 2015"
06-05-2015,111.90,117.40,106.65,109.10,105.11,"442,121","May 06, 2015"
05-05-2015,108.80,115.35,104.55,110.75,106.70,"396,232","May 05, 2015"
04-05-2015,110.00,114.50,107.15,108.75,104.77,"115,826","May 04, 2015"
30-04-2015,112.90,115.90,108.20,109.80,105.78,"178,451","Apr 30, 2015"
29-04-2015,109.30,115.00,104.00,112.30,108.19,"157,565","Apr 29, 2015"
28-04-2015,104.00,110.00,102.55,108.15,104.19,"79,885","Apr 28, 2015"
27-04-2015,109.60,111.40,103.15,103.95,100.15,"106,237","Apr 27, 2015"
24-04-2015,120.70,122.75,108.70,109.55,105.54,"144,767","Apr 24, 2015"
23-04-2015,123.50,126.30,119.15,119.80,115.42,"177,158","Apr 23, 2015"
22-04-2015,121.90,123.90,118.10,121.55,117.10,"55,449","Apr 22, 2015"
21-04-2015,116.60,124.00,116.10,120.00,115.61,"112,998","Apr 21, 2015"
20-04-2015,119.10,124.95,114.60,116.85,112.58,"71,869","Apr 20, 2015"
17-04-2015,126.00,126.00,117.05,118.55,114.21,"147,188","Apr 17, 2015"
16-04-2015,131.00,131.00,123.00,125.30,120.72,"97,964","Apr 16, 2015"
15-04-2015,135.70,139.35,128.95,130.25,125.49,"165,549","Apr 15, 2015"
13-04-2015,135.90,137.95,133.30,134.60,129.68,"77,667","Apr 13, 2015"
10-04-2015,130.00,139.50,128.00,135.00,130.06,"356,954","Apr 10, 2015"
09-04-2015,132.25,133.70,128.50,129.75,125.01,"117,197","Apr 09, 2015"
08-04-2015,129.70,135.50,129.65,131.00,126.21,"199,169","Apr 08, 2015"
07-04-2015,128.65,130.65,121.50,128.05,123.37,"187,980","Apr 07, 2015"
06-04-2015,125.90,130.70,125.90,127.80,123.13,"104,982","Apr 06, 2015"
01-04-2015,120.00,130.00,120.00,124.85,120.28,"160,536","Apr 01, 2015"
31-03-2015,110.55,130.40,109.30,120.45,116.05,"364,157","Mar 31, 2015"
30-03-2015,101.60,110.15,101.60,108.70,104.72,"145,276","Mar 30, 2015"
27-03-2015,103.20,105.00,95.70,100.20,96.54,"118,304","Mar 27, 2015"
26-03-2015,105.90,106.90,98.70,101.75,98.03,"107,347","Mar 26, 2015"
25-03-2015,112.00,113.00,105.75,106.50,102.61,"107,702","Mar 25, 2015"
24-03-2015,113.45,114.80,110.10,111.25,107.18,"83,102","Mar 24, 2015"
23-03-2015,120.70,121.45,112.25,113.75,109.59,"102,604","Mar 23, 2015"
20-03-2015,123.30,124.70,118.05,118.85,114.50,"73,662","Mar 20, 2015"
19-03-2015,127.10,129.00,123.15,124.05,119.51,"66,530","Mar 19, 2015"
18-03-2015,125.25,132.70,124.10,126.10,121.49,"304,413","Mar 18, 2015"
17-03-2015,127.05,128.60,121.00,124.00,119.47,"107,801","Mar 17, 2015"
16-03-2015,128.25,130.40,124.00,126.20,121.58,"130,620","Mar 16, 2015"
13-03-2015,132.50,133.00,127.00,127.50,122.84,"63,385","Mar 13, 2015"
12-03-2015,132.65,136.45,130.55,131.80,126.98,"76,282","Mar 12, 2015"
11-03-2015,136.00,137.35,132.00,133.20,128.33,"85,931","Mar 11, 2015"
10-03-2015,132.60,140.90,132.60,136.05,131.07,"205,074","Mar 10, 2015"
09-03-2015,132.90,137.10,130.35,133.00,128.14,"143,283","Mar 09, 2015"
05-03-2015,126.05,140.00,126.05,134.65,129.73,"504,208","Mar 05, 2015"
04-03-2015,125.95,129.00,125.00,126.40,121.78,"132,420","Mar 04, 2015"
03-03-2015,125.20,128.10,123.85,125.15,120.57,"153,166","Mar 03, 2015"
02-03-2015,125.25,127.30,123.25,124.10,119.56,"81,406","Mar 02, 2015"
28-02-2015,-,-,-,-,-,-,"Feb 28, 2015"
27-02-2015,124.40,129.50,123.50,127.80,123.13,"120,253","Feb 27, 2015"
26-02-2015,126.90,127.75,122.25,123.25,118.74,"84,367","Feb 26, 2015"
25-02-2015,125.00,132.95,125.00,126.10,121.49,"222,857","Feb 25, 2015"
24-02-2015,129.40,129.50,124.00,124.80,120.24,"116,071","Feb 24, 2015"
23-02-2015,136.70,136.70,126.35,128.50,123.80,"188,546","Feb 23, 2015"
20-02-2015,122.40,140.80,119.60,136.05,131.07,"536,078","Feb 20, 2015"
19-02-2015,125.50,128.45,121.80,124.15,119.61,"120,894","Feb 19, 2015"
18-02-2015,132.00,134.00,124.20,127.15,122.50,"111,828","Feb 18, 2015"
16-02-2015,137.10,138.55,130.65,131.50,126.69,"158,504","Feb 16, 2015"
13-02-2015,139.00,141.65,135.00,136.05,131.07,"409,663","Feb 13, 2015"
12-02-2015,130.35,132.80,128.50,129.85,125.10,"119,139","Feb 12, 2015"
11-02-2015,125.60,131.00,124.00,129.40,124.67,"143,434","Feb 11, 2015"
10-02-2015,112.00,129.95,112.00,122.65,118.16,"224,369","Feb 10, 2015"
09-02-2015,118.00,121.50,114.05,116.95,112.67,"120,749","Feb 09, 2015"
06-02-2015,126.90,133.00,119.00,120.90,116.48,"229,854","Feb 06, 2015"
05-02-2015,129.80,132.80,124.50,126.05,121.44,"92,118","Feb 05, 2015"
04-02-2015,130.40,132.75,129.00,129.50,124.76,"72,262","Feb 04, 2015"
03-02-2015,130.75,131.90,125.70,129.75,125.01,"182,833","Feb 03, 2015"
02-02-2015,130.20,135.80,128.10,129.55,124.81,"99,160","Feb 02, 2015"
30-01-2015,133.75,136.00,128.90,131.25,126.45,"130,529","Jan 30, 2015"
29-01-2015,134.50,138.95,131.00,132.90,128.04,"193,089","Jan 29, 2015"
28-01-2015,137.00,143.70,134.55,135.10,130.16,"210,115","Jan 28, 2015"
27-01-2015,138.90,141.00,136.50,137.25,132.23,"108,154","Jan 27, 2015"
23-01-2015,142.00,142.85,135.10,137.05,132.04,"125,754","Jan 23, 2015"
22-01-2015,144.00,145.40,139.50,140.70,135.55,"139,183","Jan 22, 2015"
21-01-2015,148.75,151.15,143.50,144.65,139.36,"344,165","Jan 21, 2015"
20-01-2015,136.90,153.50,136.20,147.30,141.91,"1,096,977","Jan 20, 2015"
19-01-2015,138.75,140.70,134.20,136.00,131.03,"140,761","Jan 19, 2015"
16-01-2015,139.45,142.80,136.80,137.45,132.42,"235,476","Jan 16, 2015"
15-01-2015,142.20,144.25,138.00,139.25,134.16,"204,360","Jan 15, 2015"
14-01-2015,138.70,145.70,125.00,141.35,136.18,"419,971","Jan 14, 2015"
13-01-2015,140.60,144.50,139.10,139.85,134.74,"215,774","Jan 13, 2015"
12-01-2015,138.40,145.00,137.05,141.05,135.89,"316,481","Jan 12, 2015"
09-01-2015,142.50,143.40,136.70,137.80,132.76,"160,524","Jan 09, 2015"
08-01-2015,138.30,143.90,138.30,141.15,135.99,"264,811","Jan 08, 2015"
07-01-2015,136.00,141.50,134.00,135.05,130.11,"426,773","Jan 07, 2015"
06-01-2015,144.00,144.00,134.75,136.40,131.41,"328,268","Jan 06, 2015"
05-01-2015,150.00,154.25,142.30,145.80,140.47,"395,405","Jan 05, 2015"
02-01-2015,151.60,156.30,149.30,151.20,145.67,"484,063","Jan 02, 2015"
01-01-2015,154.50,156.75,150.60,151.65,146.10,"562,954","Jan 01, 2015"
31-12-2014,138.25,157.60,138.25,153.50,147.89,"1,701,484","Dec 31, 2014"
30-12-2014,141.10,143.30,137.60,138.25,133.19,"296,301","Dec 30, 2014"
29-12-2014,139.50,145.90,139.00,141.50,136.33,"348,750","Dec 29, 2014"
26-12-2014,141.70,142.85,136.15,138.15,133.10,"278,885","Dec 26, 2014"
24-12-2014,132.50,144.90,129.25,140.15,135.02,"548,330","Dec 24, 2014"
23-12-2014,141.30,143.25,131.80,133.75,128.86,"260,715","Dec 23, 2014"
22-12-2014,142.25,146.00,139.15,140.70,135.55,"328,997","Dec 22, 2014"
19-12-2014,150.65,155.00,139.10,140.60,135.46,"690,513","Dec 19, 2014"
18-12-2014,143.05,154.90,143.05,148.55,143.12,"776,050","Dec 18, 2014"
17-12-2014,138.50,146.85,112.80,140.25,135.12,"1,058,577","Dec 17, 2014"
16-12-2014,140.20,147.70,134.40,138.15,133.10,"716,467","Dec 16, 2014"
15-12-2014,127.15,143.50,127.00,140.20,135.07,"748,220","Dec 15, 2014"
12-12-2014,152.00,157.90,126.40,131.05,126.26,"1,707,810","Dec 12, 2014"
11-12-2014,125.00,149.45,119.00,149.10,143.65,"2,026,350","Dec 11, 2014"
10-12-2014,119.25,125.45,119.20,124.55,120.00,"312,355","Dec 10, 2014"
09-12-2014,116.00,125.80,116.00,119.15,114.79,"638,647","Dec 09, 2014"
08-12-2014,115.90,121.50,115.25,116.35,112.10,"221,627","Dec 08, 2014"
05-12-2014,113.90,122.40,113.40,115.30,111.08,"488,728","Dec 05, 2014"
04-12-2014,116.50,119.90,112.50,113.25,109.11,"199,912","Dec 04, 2014"
03-12-2014,112.00,119.20,112.00,115.90,111.66,"159,446","Dec 03, 2014"
02-12-2014,116.20,118.30,105.50,112.75,108.63,"139,408","Dec 02, 2014"
01-12-2014,118.55,121.90,115.00,117.15,112.87,"150,961","Dec 01, 2014"
28-11-2014,119.55,125.40,118.50,119.30,114.94,"361,691","Nov 28, 2014"
27-11-2014,123.90,124.15,117.50,118.45,114.12,"195,135","Nov 27, 2014"
26-11-2014,114.10,124.60,103.95,122.75,118.26,"575,823","Nov 26, 2014"
25-11-2014,121.95,124.25,112.10,114.85,110.65,"376,784","Nov 25, 2014"
24-11-2014,124.40,126.85,114.20,121.05,116.62,"437,609","Nov 24, 2014"
21-11-2014,123.50,126.65,120.00,121.00,116.58,"277,545","Nov 21, 2014"
20-11-2014,119.00,129.80,115.65,122.85,118.36,"1,014,796","Nov 20, 2014"
19-11-2014,137.40,138.40,120.05,120.10,115.71,"741,433","Nov 19, 2014"
18-11-2014,133.35,133.35,126.40,133.35,128.47,"1,168,187","Nov 18, 2014"
17-11-2014,101.05,121.25,101.05,121.25,116.82,"1,134,788","Nov 17, 2014"
14-11-2014,97.30,104.95,97.25,101.05,97.35,"527,448","Nov 14, 2014"
13-11-2014,102.70,105.70,96.80,98.05,94.46,"1,314,265","Nov 13, 2014"
12-11-2014,85.75,101.30,84.05,101.30,97.60,"1,408,388","Nov 12, 2014"
11-11-2014,80.00,90.70,80.00,84.45,81.36,"828,861","Nov 11, 2014"
10-11-2014,74.00,77.80,71.50,76.85,74.04,"135,174","Nov 10, 2014"
07-11-2014,78.90,78.90,72.85,73.35,70.67,"87,883","Nov 07, 2014"
05-11-2014,74.10,78.50,74.00,76.40,73.61,"167,655","Nov 05, 2014"
03-11-2014,74.50,75.35,72.00,74.55,71.82,"70,160","Nov 03, 2014"
31-10-2014,74.90,76.90,73.10,74.00,71.29,"107,800","Oct 31, 2014"
30-10-2014,74.40,76.00,72.50,74.10,71.39,"126,994","Oct 30, 2014"
29-10-2014,72.70,75.60,70.25,72.60,69.95,"302,396","Oct 29, 2014"
28-10-2014,65.90,71.90,64.25,70.90,68.31,"187,642","Oct 28, 2014"
27-10-2014,67.90,69.35,65.00,65.40,63.01,"89,181","Oct 27, 2014"
22-10-2014,65.20,66.00,58.50,65.70,63.30,"70,775","Oct 22, 2014"
21-10-2014,64.50,66.15,61.50,63.65,61.32,"73,191","Oct 21, 2014"
20-10-2014,67.50,68.95,62.60,63.65,61.32,"74,471","Oct 20, 2014"
17-10-2014,65.50,67.75,63.45,64.40,62.04,"83,486","Oct 17, 2014"
16-10-2014,69.45,71.90,64.05,65.00,62.62,"115,263","Oct 16, 2014"
15-10-2014,69.90,69.90,69.90,69.90,67.34,-,"Oct 15, 2014"
14-10-2014,72.60,73.30,67.75,69.90,67.34,"289,187","Oct 14, 2014"
13-10-2014,65.00,73.55,63.35,70.55,67.97,"269,300","Oct 13, 2014"
10-10-2014,75.85,75.85,67.95,67.95,65.47,"614,109","Oct 10, 2014"
09-10-2014,79.00,81.75,74.40,75.45,72.69,"600,094","Oct 09, 2014"
08-10-2014,70.15,76.15,70.15,76.15,73.37,"812,857","Oct 08, 2014"
07-10-2014,62.70,69.30,61.10,69.25,66.72,"583,248","Oct 07, 2014"
01-10-2014,67.00,67.00,60.30,63.00,60.70,"393,681","Oct 01, 2014"
30-09-2014,65.15,65.15,60.75,65.15,62.77,"1,695,150","Sep 30, 2014"
29-09-2014,54.30,54.30,54.30,54.30,52.31,"96,682","Sep 29, 2014"
26-09-2014,45.20,47.50,43.00,45.25,43.60,"70,012","Sep 26, 2014"
25-09-2014,50.00,50.00,45.25,45.95,44.27,"65,525","Sep 25, 2014"
24-09-2014,47.00,49.80,46.55,48.35,46.58,"88,926","Sep 24, 2014"
23-09-2014,49.00,53.35,46.50,47.10,45.38,"277,355","Sep 23, 2014"
22-09-2014,42.70,49.60,41.00,48.00,46.24,"654,604","Sep 22, 2014"
19-09-2014,40.25,42.80,40.25,41.35,39.84,"31,666","Sep 19, 2014"
18-09-2014,38.60,42.95,38.25,41.15,39.65,"59,917","Sep 18, 2014"
17-09-2014,39.50,41.80,38.50,39.40,37.96,"50,188","Sep 17, 2014"
16-09-2014,46.00,46.90,38.00,39.25,37.81,"96,219","Sep 16, 2014"
15-09-2014,44.00,48.00,43.00,44.85,43.21,"78,713","Sep 15, 2014"
12-09-2014,44.70,46.70,43.30,44.45,42.82,"90,107","Sep 12, 2014"
11-09-2014,43.70,45.50,42.55,43.75,42.15,"149,374","Sep 11, 2014"
10-09-2014,40.00,43.50,38.10,42.85,41.28,"109,170","Sep 10, 2014"
09-09-2014,39.95,41.00,38.35,40.60,39.12,"52,380","Sep 09, 2014"
08-09-2014,37.20,39.90,37.05,38.60,37.19,"44,584","Sep 08, 2014"
05-09-2014,37.55,39.35,36.10,37.60,36.22,"73,554","Sep 05, 2014"
04-09-2014,38.30,41.00,36.50,37.65,36.27,"68,334","Sep 04, 2014"
03-09-2014,44.40,44.40,38.00,38.65,37.24,"41,646","Sep 03, 2014"
02-09-2014,40.95,42.10,39.50,40.05,38.59,"100,256","Sep 02, 2014"
01-09-2014,41.65,43.00,39.70,40.10,38.63,"73,256","Sep 01, 2014"
28-08-2014,41.95,43.70,40.25,40.90,39.40,"88,276","Aug 28, 2014"
27-08-2014,42.00,42.35,41.00,41.20,39.69,"41,581","Aug 27, 2014"
26-08-2014,40.00,44.40,40.00,41.50,39.98,"221,095","Aug 26, 2014"
25-08-2014,43.00,43.60,39.50,39.90,38.44,"87,322","Aug 25, 2014"
22-08-2014,47.80,47.80,42.15,42.75,41.19,"85,451","Aug 22, 2014"
21-08-2014,45.00,47.70,44.80,45.70,44.03,"173,619","Aug 21, 2014"
20-08-2014,45.00,46.20,43.50,44.90,43.26,"335,399","Aug 20, 2014"
19-08-2014,39.85,44.30,38.50,42.90,41.33,"284,843","Aug 19, 2014"
18-08-2014,39.90,39.90,36.55,38.60,37.19,"71,325","Aug 18, 2014"
14-08-2014,38.70,38.70,36.00,36.90,35.55,"50,694","Aug 14, 2014"
13-08-2014,38.50,38.50,35.95,36.70,35.36,"61,129","Aug 13, 2014"
12-08-2014,40.50,42.40,38.10,38.95,37.53,"140,809","Aug 12, 2014"
12-08-2014,0.229967 Dividend,,,,,,"Aug 12, 2014"
11-08-2014,36.45,39.80,36.00,39.05,37.40,"189,653","Aug 11, 2014"
08-08-2014,34.90,35.10,32.50,34.00,32.56,"41,488","Aug 08, 2014"
07-08-2014,36.75,36.75,34.20,34.80,33.33,"38,602","Aug 07, 2014"
06-08-2014,35.20,37.70,34.45,34.95,33.47,"25,797","Aug 06, 2014"
05-08-2014,33.50,37.00,32.50,35.75,34.24,"120,168","Aug 05, 2014"
04-08-2014,31.65,33.65,31.65,32.75,31.37,"54,095","Aug 04, 2014"
01-08-2014,32.20,33.35,30.75,31.95,30.60,"100,466","Aug 01, 2014"
31-07-2014,33.75,34.90,32.40,32.70,31.32,"54,184","Jul 31, 2014"
30-07-2014,32.50,34.50,32.50,33.20,31.80,"26,882","Jul 30, 2014"
28-07-2014,35.60,35.70,32.80,33.10,31.70,"64,664","Jul 28, 2014"
25-07-2014,40.40,40.50,34.55,35.70,34.19,"213,913","Jul 25, 2014"
24-07-2014,33.40,39.60,31.80,39.45,37.78,"548,551","Jul 24, 2014"
23-07-2014,32.70,34.90,31.85,33.00,31.61,"81,570","Jul 23, 2014"
22-07-2014,31.30,33.40,30.25,32.75,31.37,"34,929","Jul 22, 2014"
21-07-2014,33.40,33.60,31.05,31.80,30.46,"63,571","Jul 21, 2014"
18-07-2014,32.40,33.40,31.35,31.60,30.27,"21,583","Jul 18, 2014"
17-07-2014,30.75,34.30,29.60,32.20,30.84,"193,204","Jul 17, 2014"
16-07-2014,29.00,30.80,28.55,30.55,29.26,"27,086","Jul 16, 2014"
15-07-2014,28.60,31.95,28.60,29.35,28.11,"12,829","Jul 15, 2014"
14-07-2014,28.00,28.95,26.80,27.85,26.67,713,"Jul 14, 2014"
11-07-2014,29.00,31.60,28.00,28.45,27.25,"90,727","Jul 11, 2014"
10-07-2014,27.90,30.00,27.00,29.25,28.01,"41,933","Jul 10, 2014"
09-07-2014,27.80,31.50,26.30,27.90,26.72,"56,120","Jul 09, 2014"
08-07-2014,32.50,34.30,27.40,28.15,26.96,"52,912","Jul 08, 2014"
07-07-2014,32.50,33.50,31.35,31.80,30.46,"37,904","Jul 07, 2014"
04-07-2014,30.00,30.80,27.65,30.80,29.50,"160,736","Jul 04, 2014"
03-07-2014,31.00,31.00,27.70,28.00,26.82,"83,048","Jul 03, 2014"
02-07-2014,26.35,28.60,26.25,28.60,27.39,"71,252","Jul 02, 2014"
01-07-2014,26.25,26.50,25.00,26.00,24.90,"17,746","Jul 01, 2014"
30-06-2014,25.95,26.15,25.65,25.75,24.66,"4,076","Jun 30, 2014"
27-06-2014,25.75,26.25,25.00,25.30,24.23,"5,859","Jun 27, 2014"
26-06-2014,26.70,26.70,24.65,25.70,24.61,"5,292","Jun 26, 2014"
25-06-2014,26.00,26.50,25.75,26.25,25.14,"17,425","Jun 25, 2014"
24-06-2014,25.15,26.50,25.15,25.70,24.61,"3,048","Jun 24, 2014"
23-06-2014,25.95,25.95,24.25,25.45,24.37,"1,489","Jun 23, 2014"
20-06-2014,24.90,25.20,24.55,24.95,23.90,"7,480","Jun 20, 2014"
19-06-2014,26.00,26.60,24.45,24.70,23.66,"16,068","Jun 19, 2014"
18-06-2014,27.45,28.10,25.75,26.00,24.90,"50,743","Jun 18, 2014"
17-06-2014,25.60,28.00,25.60,28.00,26.82,"9,660","Jun 17, 2014"
16-06-2014,27.20,27.20,25.60,26.55,25.43,"11,303","Jun 16, 2014"
13-06-2014,31.95,32.30,27.15,27.15,26.00,"40,076","Jun 13, 2014"
12-06-2014,27.50,30.15,27.50,30.15,28.88,"24,767","Jun 12, 2014"
11-06-2014,25.50,27.50,25.40,27.45,26.29,"46,621","Jun 11, 2014"
10-06-2014,26.35,26.40,24.00,25.00,23.94,"15,140","Jun 10, 2014"
09-06-2014,25.65,26.65,25.00,25.35,24.28,"37,024","Jun 09, 2014"
06-06-2014,26.00,26.10,25.10,25.45,24.37,"29,987","Jun 06, 2014"
05-06-2014,26.65,26.90,24.70,25.40,24.33,"13,339","Jun 05, 2014"
04-06-2014,25.40,27.00,25.40,25.95,24.85,"35,063","Jun 04, 2014"
03-06-2014,23.10,25.65,23.10,25.40,24.33,"57,397","Jun 03, 2014"
02-06-2014,22.15,23.50,22.05,23.35,22.36,"6,471","Jun 02, 2014"
30-05-2014,23.50,23.50,22.00,22.00,21.07,"8,862","May 30, 2014"
29-05-2014,23.20,24.25,23.20,23.50,22.51,972,"May 29, 2014"
28-05-2014,23.80,24.35,22.90,23.55,22.56,"7,502","May 28, 2014"
27-05-2014,23.20,23.50,22.25,23.45,22.46,"4,152","May 27, 2014"
26-05-2014,23.95,26.00,23.75,24.00,22.99,"46,713","May 26, 2014"
23-05-2014,24.50,25.00,22.25,23.65,22.65,"16,318","May 23, 2014"
22-05-2014,26.55,27.50,24.00,24.55,23.51,"29,155","May 22, 2014"
21-05-2014,24.90,25.65,21.50,25.55,24.47,"160,754","May 21, 2014"
20-05-2014,17.90,22.30,17.50,21.40,20.50,"15,767","May 20, 2014"
19-05-2014,15.55,19.20,15.55,18.65,17.86,"16,617","May 19, 2014"
16-05-2014,15.05,17.05,15.00,16.00,15.32,"7,503","May 16, 2014"
15-05-2014,17.00,17.75,15.70,15.75,15.08,"7,683","May 15, 2014"
14-05-2014,15.35,16.95,15.20,16.10,15.42,785,"May 14, 2014"
13-05-2014,15.05,16.00,14.35,15.50,14.85,"3,660","May 13, 2014"
12-05-2014,15.65,17.95,15.60,15.60,14.94,"5,118","May 12, 2014"
09-05-2014,16.90,16.90,16.00,16.00,15.32,576,"May 09, 2014"
08-05-2014,16.30,16.30,15.60,15.60,14.94,"4,301","May 08, 2014"
07-05-2014,16.15,16.95,16.05,16.25,15.56,"4,201","May 07, 2014"
06-05-2014,16.40,17.15,16.40,17.15,16.43,125,"May 06, 2014"
05-05-2014,17.25,17.25,16.40,17.05,16.33,"7,782","May 05, 2014"
02-05-2014,17.50,17.55,16.85,17.25,16.52,"4,078","May 02, 2014"
30-04-2014,17.95,18.60,17.15,18.15,17.38,"20,915","Apr 30, 2014"
29-04-2014,18.00,18.15,16.55,16.95,16.23,"11,828","Apr 29, 2014"
28-04-2014,19.05,19.05,17.10,17.45,16.71,"3,420","Apr 28, 2014"
25-04-2014,17.10,17.90,17.10,17.45,16.71,"1,676","Apr 25, 2014"
24-04-2014,17.95,17.95,17.95,17.95,17.19,-,"Apr 24, 2014"
23-04-2014,17.55,18.45,17.50,17.95,17.19,"1,657","Apr 23, 2014"
22-04-2014,18.95,18.95,17.10,17.95,17.19,"4,713","Apr 22, 2014"
21-04-2014,17.25,18.50,17.10,18.10,17.34,"4,165","Apr 21, 2014"
17-04-2014,17.00,17.00,16.95,16.95,16.23,239,"Apr 17, 2014"
16-04-2014,19.25,19.25,16.35,17.40,16.66,"2,840","Apr 16, 2014"
15-04-2014,18.50,18.50,17.85,17.85,17.10,"3,808","Apr 15, 2014"
11-04-2014,17.05,18.20,17.00,18.00,17.24,"4,022","Apr 11, 2014"
10-04-2014,16.95,17.50,16.95,17.50,16.76,"2,065","Apr 10, 2014"
09-04-2014,17.05,17.50,16.50,17.20,16.47,"8,109","Apr 09, 2014"
07-04-2014,17.65,17.90,16.10,17.90,17.14,252,"Apr 07, 2014"
04-04-2014,17.65,17.65,17.65,17.65,16.90,1,"Apr 04, 2014"
03-04-2014,18.60,18.60,16.75,17.25,16.52,"4,569","Apr 03, 2014"
02-04-2014,18.55,18.55,16.50,17.00,16.28,"2,200","Apr 02, 2014"
01-04-2014,16.05,17.05,16.00,16.90,16.19,698,"Apr 01, 2014"
31-03-2014,14.60,16.85,14.55,16.35,15.66,466,"Mar 31, 2014"
28-03-2014,16.05,17.00,15.50,16.00,15.32,"5,616","Mar 28, 2014"
27-03-2014,16.70,17.45,16.65,17.00,16.28,"1,981","Mar 27, 2014"
26-03-2014,17.75,17.80,16.45,17.70,16.95,"101,838","Mar 26, 2014"
25-03-2014,15.00,16.20,15.00,16.20,15.52,"3,218","Mar 25, 2014"
24-03-2014,14.25,15.20,14.10,14.75,14.13,"93,771","Mar 24, 2014"
22-03-2014,-,-,-,-,-,-,"Mar 22, 2014"
21-03-2014,14.50,15.25,14.00,14.60,13.98,"56,818","Mar 21, 2014"
20-03-2014,14.00,14.90,14.00,14.50,13.89,851,"Mar 20, 2014"
19-03-2014,14.75,14.75,14.00,14.45,13.84,"1,997","Mar 19, 2014"
18-03-2014,14.95,15.15,14.55,14.80,14.17,"1,212","Mar 18, 2014"
14-03-2014,14.40,15.30,14.40,15.10,14.46,511,"Mar 14, 2014"
13-03-2014,17.95,17.95,14.85,15.00,14.37,"11,618","Mar 13, 2014"
12-03-2014,14.00,16.50,14.00,16.50,15.80,"3,898","Mar 12, 2014"
11-03-2014,15.05,15.05,15.00,15.00,14.37,103,"Mar 11, 2014"
10-03-2014,14.00,15.95,14.00,15.50,14.85,940,"Mar 10, 2014"
07-03-2014,15.15,15.15,15.00,15.00,14.37,"2,594","Mar 07, 2014"
06-03-2014,15.20,15.95,15.20,15.75,15.08,50,"Mar 06, 2014"
05-03-2014,16.05,16.05,15.20,15.20,14.56,151,"Mar 05, 2014"
04-03-2014,14.15,15.30,14.10,15.30,14.65,"1,721","Mar 04, 2014"
03-03-2014,14.60,14.60,14.60,14.60,13.98,-,"Mar 03, 2014"
28-02-2014,14.60,14.60,14.60,14.60,13.98,"1,000","Feb 28, 2014"
26-02-2014,14.90,14.90,14.85,14.85,14.22,10,"Feb 26, 2014"
25-02-2014,15.15,15.20,15.15,15.20,14.56,667,"Feb 25, 2014"
24-02-2014,14.05,15.15,14.05,14.60,13.98,534,"Feb 24, 2014"
21-02-2014,14.65,14.70,14.65,14.65,14.03,155,"Feb 21, 2014"
20-02-2014,14.50,14.50,14.50,14.50,13.89,-,"Feb 20, 2014"
19-02-2014,15.45,15.45,14.45,14.50,13.89,"1,033","Feb 19, 2014"
18-02-2014,14.90,15.50,14.90,15.20,14.56,574,"Feb 18, 2014"
17-02-2014,15.10,15.65,15.00,15.65,14.99,408,"Feb 17, 2014"
14-02-2014,15.75,15.75,15.75,15.75,15.08,-,"Feb 14, 2014"
13-02-2014,15.75,15.75,15.75,15.75,15.08,-,"Feb 13, 2014"
12-02-2014,16.45,16.45,15.75,15.75,15.08,51,"Feb 12, 2014"
11-02-2014,16.45,16.50,16.05,16.50,15.80,75,"Feb 11, 2014"
10-02-2014,15.55,15.85,15.40,15.75,15.08,314,"Feb 10, 2014"
07-02-2014,16.10,16.10,15.40,15.55,14.89,929,"Feb 07, 2014"
06-02-2014,15.15,16.60,15.10,16.20,15.52,303,"Feb 06, 2014"
05-02-2014,15.80,15.85,15.80,15.85,15.18,2,"Feb 05, 2014"
04-02-2014,15.45,15.45,15.15,15.15,14.51,100,"Feb 04, 2014"
03-02-2014,16.80,16.85,15.25,15.45,14.80,"1,201","Feb 03, 2014"
31-01-2014,16.30,16.70,15.45,16.05,15.37,188,"Jan 31, 2014"
30-01-2014,16.15,16.15,16.10,16.10,15.42,2,"Jan 30, 2014"
29-01-2014,16.25,16.25,15.45,15.45,14.80,274,"Jan 29, 2014"
28-01-2014,15.55,16.25,15.55,16.25,15.56,2,"Jan 28, 2014"
27-01-2014,16.25,16.25,15.50,15.55,14.89,129,"Jan 27, 2014"
24-01-2014,16.05,17.20,15.65,16.25,15.56,"1,073","Jan 24, 2014"
23-01-2014,16.15,16.60,16.15,16.45,15.76,372,"Jan 23, 2014"
22-01-2014,17.60,17.60,16.15,16.15,15.47,863,"Jan 22, 2014"
21-01-2014,16.40,17.70,16.40,16.95,16.23,216,"Jan 21, 2014"
20-01-2014,17.00,18.00,16.95,17.25,16.52,"2,166","Jan 20, 2014"
17-01-2014,17.10,17.90,17.05,17.80,17.05,"1,572","Jan 17, 2014"
16-01-2014,19.55,19.55,17.80,17.80,17.05,"7,683","Jan 16, 2014"
15-01-2014,18.60,18.65,18.25,18.65,17.86,"4,113","Jan 15, 2014"
14-01-2014,17.95,18.00,17.20,17.80,17.05,"4,236","Jan 14, 2014"
13-01-2014,16.50,17.25,15.80,17.15,16.43,"3,566","Jan 13, 2014"
10-01-2014,16.45,16.45,16.30,16.45,15.76,"2,282","Jan 10, 2014"
09-01-2014,15.70,15.70,15.70,15.70,15.04,-,"Jan 09, 2014"
08-01-2014,15.70,15.70,15.70,15.70,15.04,-,"Jan 08, 2014"
07-01-2014,15.70,15.70,15.70,15.70,15.04,300,"Jan 07, 2014"
06-01-2014,15.65,15.65,15.65,15.65,14.99,-,"Jan 06, 2014"
03-01-2014,15.65,15.65,15.65,15.65,14.99,"4,195","Jan 03, 2014"
02-01-2014,14.95,14.95,14.95,14.95,14.32,"5,720","Jan 02, 2014"
01-01-2014,14.25,14.30,14.25,14.25,13.65,"1,120","Jan 01, 2014"
31-12-2013,13.65,13.65,13.65,13.65,13.07,-,"Dec 31, 2013"
30-12-2013,13.65,13.65,13.65,13.65,13.07,-,"Dec 30, 2013"
27-12-2013,13.65,13.65,12.85,13.65,13.07,"1,200","Dec 27, 2013"
26-12-2013,13.10,13.20,13.00,13.10,12.55,"1,369","Dec 26, 2013"
24-12-2013,12.60,13.20,12.60,12.60,12.07,820,"Dec 24, 2013"
23-12-2013,12.85,13.90,12.85,12.85,12.31,600,"Dec 23, 2013"
20-12-2013,13.35,13.35,13.05,13.35,12.79,"1,000","Dec 20, 2013"
19-12-2013,13.60,14.00,13.25,13.60,13.03,501,"Dec 19, 2013"
18-12-2013,13.60,13.60,13.60,13.60,13.03,500,"Dec 18, 2013"
17-12-2013,13.50,13.50,13.50,13.50,12.93,400,"Dec 17, 2013"
16-12-2013,13.75,13.75,13.75,13.75,13.17,250,"Dec 16, 2013"
13-12-2013,14.15,14.15,14.15,14.15,13.55,-,"Dec 13, 2013"
12-12-2013,14.15,14.15,14.15,14.15,13.55,250,"Dec 12, 2013"
11-12-2013,14.80,14.80,14.80,14.80,14.17,-,"Dec 11, 2013"
10-12-2013,14.80,14.80,14.80,14.80,14.17,1,"Dec 10, 2013"
09-12-2013,15.55,15.55,15.55,15.55,14.89,1,"Dec 09, 2013"
06-12-2013,16.35,16.35,16.35,16.35,15.66,1,"Dec 06, 2013"
05-12-2013,17.20,17.20,15.60,17.20,16.47,2,"Dec 05, 2013"
04-12-2013,16.40,16.40,16.40,16.40,15.71,-,"Dec 04, 2013"
03-12-2013,16.40,16.40,16.40,16.40,15.71,10,"Dec 03, 2013"
02-12-2013,15.75,15.75,15.75,15.75,15.08,-,"Dec 02, 2013"
29-11-2013,15.75,15.75,15.75,15.75,15.08,-,"Nov 29, 2013"
28-11-2013,15.75,15.75,15.75,15.75,15.08,-,"Nov 28, 2013"
27-11-2013,15.75,15.75,15.75,15.75,15.08,-,"Nov 27, 2013"
26-11-2013,15.75,15.75,15.75,15.75,15.08,-,"Nov 26, 2013"
25-11-2013,15.75,15.75,15.75,15.75,15.08,11,"Nov 25, 2013"
22-11-2013,15.15,15.15,15.15,15.15,14.51,10,"Nov 22, 2013"
21-11-2013,14.45,14.45,14.45,14.45,13.84,400,"Nov 21, 2013"
20-11-2013,14.45,14.45,13.40,14.45,13.84,"1,140","Nov 20, 2013"
19-11-2013,14.10,14.10,14.10,14.10,13.50,300,"Nov 19, 2013"
18-11-2013,13.60,13.60,13.55,13.60,13.03,600,"Nov 18, 2013"
14-11-2013,13.75,13.75,13.20,13.75,13.17,"3,850","Nov 14, 2013"
13-11-2013,13.55,13.55,13.55,13.55,12.98,400,"Nov 13, 2013"
12-11-2013,12.95,12.95,12.40,12.95,12.40,600,"Nov 12, 2013"
11-11-2013,12.75,12.75,12.75,12.75,12.21,-,"Nov 11, 2013"
08-11-2013,12.75,13.50,12.75,12.75,12.21,116,"Nov 08, 2013"
07-11-2013,13.20,13.20,13.20,13.20,12.64,199,"Nov 07, 2013"
06-11-2013,12.60,12.60,12.60,12.60,12.07,400,"Nov 06, 2013"
05-11-2013,12.25,12.25,12.25,12.25,11.73,-,"Nov 05, 2013"
01-11-2013,12.25,12.45,10.00,12.25,11.73,108,"Nov 01, 2013"
31-10-2013,10.40,10.40,10.40,10.40,9.96,10,"Oct 31, 2013"
30-10-2013,12.05,12.05,12.05,12.05,11.54,147,"Oct 30, 2013"
29-10-2013,10.05,12.25,10.05,10.05,9.63,470,"Oct 29, 2013"
28-10-2013,11.05,11.05,11.05,11.05,10.58,10,"Oct 28, 2013"
25-10-2013,11.65,13.55,11.65,11.65,11.16,105,"Oct 25, 2013"
24-10-2013,13.35,14.00,13.35,13.35,12.79,"15,611","Oct 24, 2013"
23-10-2013,12.85,12.85,12.85,12.85,12.31,10,"Oct 23, 2013"
22-10-2013,11.00,11.00,10.25,11.00,10.54,230,"Oct 22, 2013"
21-10-2013,11.00,11.00,10.50,11.00,10.54,470,"Oct 21, 2013"
18-10-2013,11.00,11.00,11.00,11.00,10.54,-,"Oct 18, 2013"
17-10-2013,11.00,11.00,11.00,11.00,10.54,125,"Oct 17, 2013"
15-10-2013,11.00,11.00,11.00,11.00,10.54,910,"Oct 15, 2013"
14-10-2013,10.55,10.55,10.55,10.55,10.10,-,"Oct 14, 2013"
11-10-2013,10.55,10.55,10.50,10.55,10.10,"1,200","Oct 11, 2013"
10-10-2013,10.00,10.00,10.00,10.00,9.58,-,"Oct 10, 2013"
09-10-2013,10.00,10.25,10.00,10.00,9.58,103,"Oct 09, 2013"
08-10-2013,10.65,10.65,10.65,10.65,10.20,115,"Oct 08, 2013"
07-10-2013,10.00,10.00,10.00,10.00,9.58,-,"Oct 07, 2013"
04-10-2013,10.00,10.00,10.00,10.00,9.58,85,"Oct 04, 2013"
03-10-2013,9.60,9.60,9.60,9.60,9.19,-,"Oct 03, 2013"
01-10-2013,9.60,9.60,9.60,9.60,9.19,150,"Oct 01, 2013"
30-09-2013,9.60,9.60,9.60,9.60,9.19,10,"Sep 30, 2013"
27-09-2013,11.00,11.00,10.30,11.00,10.54,"2,965","Sep 27, 2013"
26-09-2013,10.00,10.00,10.00,10.00,9.58,5,"Sep 26, 2013"
25-09-2013,11.00,11.00,11.00,11.00,10.54,150,"Sep 25, 2013"
24-09-2013,10.00,10.00,10.00,10.00,9.58,-,"Sep 24, 2013"
23-09-2013,10.00,10.00,10.00,10.00,9.58,-,"Sep 23, 2013"
20-09-2013,10.00,10.00,10.00,10.00,9.58,-,"Sep 20, 2013"
19-09-2013,10.00,10.00,10.00,10.00,9.58,200,"Sep 19, 2013"
18-09-2013,8.65,11.00,8.65,8.65,8.28,135,"Sep 18, 2013"
17-09-2013,7.60,9.20,7.60,9.20,8.81,10,"Sep 17, 2013"
16-09-2013,9.00,9.00,9.00,9.00,8.62,10,"Sep 16, 2013"
16-09-2013,0.229967 Dividend,,,,,,"Sep 16, 2013"
13-09-2013,10.15,11.10,10.15,10.15,9.50,125,"Sep 13, 2013"
12-09-2013,9.70,9.70,9.70,9.70,9.08,25,"Sep 12, 2013"
11-09-2013,9.65,9.65,9.65,9.65,9.03,-,"Sep 11, 2013"
10-09-2013,9.65,9.65,9.65,9.65,9.03,5,"Sep 10, 2013"
06-09-2013,10.30,10.90,8.30,10.30,9.64,641,"Sep 06, 2013"
05-09-2013,10.10,10.10,10.10,10.10,9.45,-,"Sep 05, 2013"
04-09-2013,10.10,10.10,10.10,10.10,9.45,1,"Sep 04, 2013"
03-09-2013,10.30,11.40,10.30,10.30,9.64,205,"Sep 03, 2013"
02-09-2013,11.00,11.00,11.00,11.00,10.30,90,"Sep 02, 2013"
30-08-2013,11.10,11.10,9.60,11.10,10.39,"1,690","Aug 30, 2013"
29-08-2013,10.10,10.10,10.10,10.10,9.45,-,"Aug 29, 2013"
28-08-2013,10.10,10.10,10.10,10.10,9.45,-,"Aug 28, 2013"
27-08-2013,10.10,10.10,10.00,10.10,9.45,"5,680","Aug 27, 2013"
26-08-2013,10.50,10.50,10.50,10.50,9.83,1,"Aug 26, 2013"
23-08-2013,10.75,10.75,10.75,10.75,10.06,10,"Aug 23, 2013"
22-08-2013,11.90,11.90,10.70,11.90,11.14,600,"Aug 22, 2013"
21-08-2013,9.95,9.95,9.95,9.95,9.31,100,"Aug 21, 2013"
20-08-2013,9.95,9.95,9.95,9.95,9.31,95,"Aug 20, 2013"
19-08-2013,9.50,9.50,9.50,9.50,8.89,"5,000","Aug 19, 2013"
16-08-2013,8.50,8.50,8.20,8.50,7.96,"28,130","Aug 16, 2013"
14-08-2013,8.50,8.50,8.50,8.50,7.96,1,"Aug 14, 2013"
13-08-2013,9.00,9.00,8.80,9.00,8.42,200,"Aug 13, 2013"
12-08-2013,10.30,10.30,10.30,10.30,9.64,-,"Aug 12, 2013"
08-08-2013,10.30,10.30,9.15,10.30,9.64,125,"Aug 08, 2013"
07-08-2013,9.15,9.15,9.15,9.15,8.56,-,"Aug 07, 2013"
06-08-2013,9.15,9.15,9.15,9.15,8.56,-,"Aug 06, 2013"
05-08-2013,9.15,9.15,9.15,9.15,8.56,175,"Aug 05, 2013"
02-08-2013,10.00,10.00,9.65,10.00,9.36,"2,015","Aug 02, 2013"
01-08-2013,10.45,10.45,10.45,10.45,9.78,1,"Aug 01, 2013"
31-07-2013,10.25,10.30,10.20,10.25,9.59,"1,910","Jul 31, 2013"
30-07-2013,12.75,12.75,10.05,12.75,11.93,460,"Jul 30, 2013"
29-07-2013,11.00,11.00,11.00,11.00,10.30,70,"Jul 29, 2013"
26-07-2013,11.00,11.00,11.00,11.00,10.30,-,"Jul 26, 2013"
25-07-2013,11.00,11.00,10.50,11.00,10.30,"2,920","Jul 25, 2013"
24-07-2013,11.95,11.95,11.95,11.95,11.19,100,"Jul 24, 2013"
23-07-2013,11.00,11.00,11.00,11.00,10.30,"6,005","Jul 23, 2013"
22-07-2013,11.50,11.50,11.50,11.50,10.76,"6,087","Jul 22, 2013"
19-07-2013,11.75,11.75,11.75,11.75,11.00,"3,000","Jul 19, 2013"
18-07-2013,13.50,13.50,13.50,13.50,12.64,-,"Jul 18, 2013"
17-07-2013,13.50,13.50,13.45,13.50,12.64,16,"Jul 17, 2013"
16-07-2013,11.25,11.25,11.25,11.25,10.53,-,"Jul 16, 2013"
15-07-2013,11.25,11.25,11.25,11.25,10.53,115,"Jul 15, 2013"
12-07-2013,11.95,11.95,11.95,11.95,11.19,100,"Jul 12, 2013"
11-07-2013,12.25,12.25,12.25,12.25,11.47,-,"Jul 11, 2013"
10-07-2013,12.25,12.50,10.30,12.25,11.47,715,"Jul 10, 2013"
09-07-2013,12.25,12.25,12.25,12.25,11.47,100,"Jul 09, 2013"
08-07-2013,12.55,12.55,12.55,12.55,11.75,-,"Jul 08, 2013"
05-07-2013,12.75,12.75,12.25,12.55,11.75,"4,644","Jul 05, 2013"
04-07-2013,13.25,13.25,12.70,12.75,11.93,991,"Jul 04, 2013"
03-07-2013,13.05,13.05,12.85,13.00,12.17,"1,899","Jul 03, 2013"
02-07-2013,14.35,14.35,12.80,13.20,12.36,219,"Jul 02, 2013"
01-07-2013,13.00,14.00,13.00,13.25,12.40,"4,736","Jul 01, 2013"
28-06-2013,15.20,15.25,12.25,12.95,12.12,"19,784","Jun 28, 2013"
27-06-2013,14.05,14.05,14.05,14.05,13.15,200,"Jun 27, 2013"
26-06-2013,13.30,15.65,13.30,14.50,13.57,"1,484","Jun 26, 2013"
25-06-2013,13.70,13.70,13.00,13.05,12.22,11,"Jun 25, 2013"
24-06-2013,14.05,15.00,14.00,14.00,13.10,"1,683","Jun 24, 2013"
21-06-2013,15.70,15.70,14.05,14.10,13.20,"5,032","Jun 21, 2013"
20-06-2013,16.40,16.40,15.15,15.40,14.42,"4,023","Jun 20, 2013"
19-06-2013,15.10,15.10,14.60,14.80,13.85,802,"Jun 19, 2013"
18-06-2013,15.40,16.00,14.50,14.70,13.76,788,"Jun 18, 2013"
17-06-2013,15.00,15.00,14.50,14.65,13.71,146,"Jun 17, 2013"
14-06-2013,14.50,14.95,14.35,14.80,13.85,504,"Jun 14, 2013"
13-06-2013,15.95,15.95,14.30,14.45,13.53,"1,045","Jun 13, 2013"
12-06-2013,16.05,16.40,14.75,15.05,14.09,247,"Jun 12, 2013"
11-06-2013,14.85,16.05,14.65,16.05,15.02,"1,002","Jun 11, 2013"
10-06-2013,16.50,16.50,14.05,14.65,13.71,876,"Jun 10, 2013"
07-06-2013,16.50,16.50,14.90,14.95,13.99,921,"Jun 07, 2013"
06-06-2013,15.00,16.70,14.90,14.90,13.95,"1,496","Jun 06, 2013"
05-06-2013,15.20,15.55,14.65,15.20,14.23,505,"Jun 05, 2013"
04-06-2013,17.35,17.35,14.65,15.50,14.51,"3,067","Jun 04, 2013"
03-06-2013,17.40,17.45,15.55,15.55,14.56,405,"Jun 03, 2013"
31-05-2013,16.20,17.00,15.50,16.00,14.98,719,"May 31, 2013"
30-05-2013,16.50,16.50,16.05,16.50,15.44,437,"May 30, 2013"
29-05-2013,16.55,16.55,16.55,16.55,15.49,2,"May 29, 2013"
28-05-2013,16.95,17.25,16.80,16.80,15.73,"1,306","May 28, 2013"
27-05-2013,16.55,17.00,16.55,17.00,15.91,503,"May 27, 2013"
24-05-2013,16.90,16.90,16.90,16.90,15.82,-,"May 24, 2013"
23-05-2013,17.70,17.70,16.20,16.90,15.82,"1,300","May 23, 2013"
22-05-2013,16.80,16.80,16.80,16.80,15.73,-,"May 22, 2013"
21-05-2013,16.50,17.00,16.00,16.80,15.73,"2,571","May 21, 2013"
20-05-2013,16.50,17.90,16.50,16.55,15.49,"1,550","May 20, 2013"
17-05-2013,16.50,16.50,16.50,16.50,15.44,501,"May 17, 2013"
16-05-2013,16.70,17.50,16.20,17.00,15.91,"1,114","May 16, 2013"
15-05-2013,16.65,16.70,16.60,16.65,15.59,799,"May 15, 2013"
14-05-2013,16.70,16.70,16.60,16.65,15.59,280,"May 14, 2013"
13-05-2013,17.75,17.80,16.60,16.75,15.68,"2,300","May 13, 2013"
10-05-2013,17.00,17.35,16.70,16.70,15.63,"1,664","May 10, 2013"
09-05-2013,16.55,17.00,16.55,16.70,15.63,303,"May 09, 2013"
08-05-2013,16.80,17.30,16.55,16.85,15.77,940,"May 08, 2013"
07-05-2013,17.00,17.40,16.80,17.30,16.19,"1,102","May 07, 2013"
06-05-2013,16.55,17.35,16.55,16.80,15.73,649,"May 06, 2013"
03-05-2013,16.65,17.45,16.65,17.40,16.29,352,"May 03, 2013"
02-05-2013,16.55,16.65,16.55,16.65,15.59,413,"May 02, 2013"
30-04-2013,16.95,17.25,16.65,17.25,16.15,"1,326","Apr 30, 2013"
29-04-2013,16.70,17.20,16.40,16.95,15.87,"13,776","Apr 29, 2013"
26-04-2013,17.95,18.00,16.95,17.00,15.91,"12,780","Apr 26, 2013"
25-04-2013,16.85,17.95,16.85,17.95,16.80,"3,680","Apr 25, 2013"
23-04-2013,16.85,16.85,16.85,16.85,15.77,-,"Apr 23, 2013"
22-04-2013,16.80,16.85,16.80,16.85,15.77,281,"Apr 22, 2013"
18-04-2013,17.85,17.85,17.05,17.40,16.29,771,"Apr 18, 2013"
17-04-2013,17.00,17.20,16.70,17.15,16.05,"3,598","Apr 17, 2013"
16-04-2013,17.90,17.90,16.60,17.85,16.71,831,"Apr 16, 2013"
15-04-2013,16.45,17.95,16.45,17.35,16.24,"4,621","Apr 15, 2013"
12-04-2013,16.30,17.30,15.60,16.60,15.54,"4,455","Apr 12, 2013"
11-04-2013,16.65,16.65,16.65,16.65,15.59,-,"Apr 11, 2013"
10-04-2013,16.55,16.65,16.30,16.65,15.59,273,"Apr 10, 2013"
09-04-2013,17.95,17.95,16.60,16.65,15.59,"2,151","Apr 09, 2013"
08-04-2013,17.00,17.85,17.00,17.85,16.71,"1,952","Apr 08, 2013"
05-04-2013,17.65,19.15,17.00,17.60,16.47,"8,963","Apr 05, 2013"
04-04-2013,17.60,18.00,17.00,17.05,15.96,423,"Apr 04, 2013"
03-04-2013,19.85,20.00,17.60,18.70,17.50,"6,126","Apr 03, 2013"
02-04-2013,17.70,19.75,17.70,18.10,16.94,"2,507","Apr 02, 2013"
01-04-2013,17.55,17.60,17.10,17.40,16.29,"2,253","Apr 01, 2013"
28-03-2013,16.60,17.95,16.60,17.95,16.80,"1,420","Mar 28, 2013"
26-03-2013,16.50,17.20,16.25,17.00,15.91,"7,495","Mar 26, 2013"
25-03-2013,19.25,19.25,17.05,17.10,16.01,"1,750","Mar 25, 2013"
22-03-2013,17.10,18.70,16.65,17.35,16.24,"9,278","Mar 22, 2013"
21-03-2013,17.70,18.00,17.40,17.60,16.47,"2,780","Mar 21, 2013"
20-03-2013,18.10,18.10,17.70,17.80,16.66,"3,068","Mar 20, 2013"
19-03-2013,18.50,18.50,17.20,17.80,16.66,"7,077","Mar 19, 2013"
18-03-2013,18.75,19.35,18.20,18.25,17.08,"1,676","Mar 18, 2013"
15-03-2013,19.10,19.10,18.60,18.65,17.46,374,"Mar 15, 2013"
14-03-2013,19.25,19.25,18.50,19.00,17.79,"6,446","Mar 14, 2013"
13-03-2013,19.30,19.50,19.15,19.15,17.93,"3,255","Mar 13, 2013"
12-03-2013,19.50,20.00,19.30,19.40,18.16,"10,688","Mar 12, 2013"
11-03-2013,22.25,22.25,19.00,19.20,17.97,"8,106","Mar 11, 2013"
08-03-2013,19.85,21.20,19.40,19.65,18.39,"2,452","Mar 08, 2013"
07-03-2013,19.70,19.70,19.55,19.55,18.30,503,"Mar 07, 2013"
06-03-2013,19.30,19.80,19.30,19.50,18.25,"1,087","Mar 06, 2013"
05-03-2013,19.15,20.35,19.15,19.40,18.16,835,"Mar 05, 2013"
04-03-2013,19.10,19.55,19.10,19.55,18.30,700,"Mar 04, 2013"
01-03-2013,20.75,20.75,19.50,19.65,18.39,"4,037","Mar 01, 2013"
28-02-2013,20.15,20.20,19.85,19.90,18.63,"1,324","Feb 28, 2013"
27-02-2013,20.35,20.35,19.90,20.25,18.96,"1,896","Feb 27, 2013"
26-02-2013,20.55,20.55,20.15,20.35,19.05,549,"Feb 26, 2013"
25-02-2013,20.55,20.55,20.55,20.55,19.24,301,"Feb 25, 2013"
22-02-2013,20.70,20.80,20.55,20.55,19.24,156,"Feb 22, 2013"
21-02-2013,21.85,21.85,18.50,20.70,19.38,"12,699","Feb 21, 2013"
20-02-2013,21.85,21.85,20.90,20.90,19.56,51,"Feb 20, 2013"
19-02-2013,20.60,20.65,20.50,20.50,19.19,518,"Feb 19, 2013"
18-02-2013,20.75,22.70,20.60,20.60,19.28,150,"Feb 18, 2013"
15-02-2013,20.60,20.70,20.60,20.65,19.33,925,"Feb 15, 2013"
14-02-2013,20.80,21.00,20.70,21.00,19.66,549,"Feb 14, 2013"
13-02-2013,21.50,21.50,21.30,21.30,19.94,"5,006","Feb 13, 2013"
12-02-2013,20.55,21.00,20.55,21.00,19.66,"1,095","Feb 12, 2013"
11-02-2013,20.85,20.85,20.50,20.50,19.19,"4,555","Feb 11, 2013"
08-02-2013,21.00,21.00,20.25,20.85,19.52,"3,814","Feb 08, 2013"
07-02-2013,21.85,21.85,20.40,20.50,19.19,"10,862","Feb 07, 2013"
06-02-2013,21.00,21.90,20.90,21.35,19.98,"1,082","Feb 06, 2013"
05-02-2013,21.50,21.70,21.05,21.10,19.75,"3,502","Feb 05, 2013"
04-02-2013,22.00,22.10,21.70,22.10,20.69,"1,285","Feb 04, 2013"
01-02-2013,23.00,23.00,21.35,21.85,20.45,760,"Feb 01, 2013"
31-01-2013,22.55,22.55,21.80,21.80,20.41,"2,080","Jan 31, 2013"
30-01-2013,22.50,23.00,22.25,22.50,21.06,747,"Jan 30, 2013"
29-01-2013,23.05,23.45,23.00,23.00,21.53,"2,189","Jan 29, 2013"
28-01-2013,22.80,23.80,22.80,23.00,21.53,"2,307","Jan 28, 2013"
25-01-2013,22.90,22.95,21.80,22.90,21.44,"1,074","Jan 25, 2013"
24-01-2013,24.00,24.00,22.50,22.50,21.06,"3,436","Jan 24, 2013"
23-01-2013,24.20,24.20,22.25,23.05,21.58,"4,342","Jan 23, 2013"
22-01-2013,24.05,24.30,23.75,23.95,22.42,"1,195","Jan 22, 2013"
21-01-2013,24.25,24.80,23.80,24.30,22.75,"6,669","Jan 21, 2013"
18-01-2013,23.75,25.40,23.75,23.90,22.37,"21,511","Jan 18, 2013"
17-01-2013,24.00,24.55,23.20,24.20,22.65,"43,082","Jan 17, 2013"
16-01-2013,23.70,24.20,23.70,24.00,22.47,"102,880","Jan 16, 2013"
15-01-2013,23.50,24.20,23.20,23.90,22.37,"33,334","Jan 15, 2013"
14-01-2013,23.05,23.70,23.05,23.60,22.09,"1,307","Jan 14, 2013"
11-01-2013,24.00,24.00,22.95,23.20,21.72,"2,497","Jan 11, 2013"
10-01-2013,22.50,22.85,22.50,22.85,21.39,"1,604","Jan 10, 2013"
09-01-2013,22.65,23.25,22.65,23.00,21.53,"2,668","Jan 09, 2013"
08-01-2013,24.00,24.00,22.75,23.30,21.81,"4,477","Jan 08, 2013"
07-01-2013,23.10,23.80,22.80,22.95,21.48,"3,099","Jan 07, 2013"
04-01-2013,23.00,24.35,22.90,23.50,22.00,"2,835","Jan 04, 2013"
03-01-2013,22.00,24.40,21.60,23.40,21.90,"7,479","Jan 03, 2013"
02-01-2013,24.75,24.75,22.70,22.80,21.34,"4,460","Jan 02, 2013"
01-01-2013,24.65,24.65,21.30,22.70,21.25,"1,777","Jan 01, 2013"
31-12-2012,21.65,22.10,21.55,21.55,20.17,977,"Dec 31, 2012"
28-12-2012,22.20,22.45,21.60,21.65,20.27,"1,068","Dec 28, 2012"
27-12-2012,22.05,22.50,22.05,22.10,20.69,"2,335","Dec 27, 2012"
26-12-2012,23.45,23.60,21.30,22.65,21.20,"2,605","Dec 26, 2012"
24-12-2012,23.60,23.60,22.00,22.60,21.15,"4,137","Dec 24, 2012"
21-12-2012,23.50,23.50,22.40,22.40,20.97,"2,689","Dec 21, 2012"
20-12-2012,23.00,23.00,22.05,22.85,21.39,"3,206","Dec 20, 2012"
19-12-2012,22.55,23.00,22.10,22.70,21.25,"2,003","Dec 19, 2012"
18-12-2012,22.20,23.00,22.15,22.45,21.01,"3,680","Dec 18, 2012"
17-12-2012,21.00,23.05,21.00,22.10,20.69,"4,519","Dec 17, 2012"
14-12-2012,22.35,22.80,21.35,22.45,21.01,"2,666","Dec 14, 2012"
13-12-2012,22.50,23.25,22.05,22.45,21.01,"2,935","Dec 13, 2012"
12-12-2012,22.50,23.00,22.05,22.50,21.06,"2,314","Dec 12, 2012"
11-12-2012,22.80,24.40,22.15,22.75,21.30,"3,363","Dec 11, 2012"
10-12-2012,25.35,25.60,21.65,23.00,21.53,"3,518","Dec 10, 2012"
07-12-2012,23.40,23.40,22.90,22.95,21.48,"10,561","Dec 07, 2012"
06-12-2012,24.55,24.60,22.60,23.10,21.62,937,"Dec 06, 2012"
05-12-2012,23.15,24.00,23.00,23.40,21.90,"5,300","Dec 05, 2012"
04-12-2012,24.15,24.20,23.75,23.75,22.23,"1,558","Dec 04, 2012"
03-12-2012,24.50,24.50,22.50,23.60,22.09,"5,377","Dec 03, 2012"
30-11-2012,24.25,25.90,22.60,23.90,22.37,"24,262","Nov 30, 2012"
29-11-2012,21.00,24.60,21.00,24.30,22.75,"71,936","Nov 29, 2012"
27-11-2012,20.15,20.50,20.15,20.50,19.19,711,"Nov 27, 2012"
26-11-2012,19.90,20.60,19.80,20.50,19.19,"3,633","Nov 26, 2012"
23-11-2012,20.95,20.95,20.15,20.25,18.96,"3,209","Nov 23, 2012"
22-11-2012,20.00,20.40,20.00,20.00,18.72,"11,739","Nov 22, 2012"
21-11-2012,20.50,20.50,19.90,20.25,18.96,"32,599","Nov 21, 2012"
20-11-2012,20.30,20.30,19.80,20.10,18.81,"4,847","Nov 20, 2012"
19-11-2012,20.70,20.70,20.10,20.15,18.86,"4,154","Nov 19, 2012"
16-11-2012,20.80,21.00,20.30,20.50,19.19,"77,608","Nov 16, 2012"
15-11-2012,20.75,20.75,20.70,20.75,19.42,288,"Nov 15, 2012"
12-11-2012,20.90,21.35,20.30,21.25,19.89,"31,433","Nov 12, 2012"
11-11-2012,-,-,-,-,-,-,"Nov 11, 2012"
09-11-2012,21.10,21.75,20.75,20.85,19.52,"1,515","Nov 09, 2012"
08-11-2012,21.15,21.20,20.85,20.90,19.56,"1,560","Nov 08, 2012"
07-11-2012,22.00,22.00,20.55,21.15,19.80,"38,983","Nov 07, 2012"
06-11-2012,22.00,22.50,21.75,21.90,20.50,"33,751","Nov 06, 2012"
05-11-2012,21.75,22.65,21.75,21.80,20.41,"8,955","Nov 05, 2012"
02-11-2012,21.15,22.55,21.15,22.30,20.87,"17,508","Nov 02, 2012"
01-11-2012,21.30,22.00,21.30,21.95,20.55,"2,104","Nov 01, 2012"
31-10-2012,20.50,21.60,20.50,21.05,19.70,"5,109","Oct 31, 2012"
30-10-2012,20.80,21.00,20.50,20.55,19.24,"1,031","Oct 30, 2012"
29-10-2012,21.00,21.00,19.60,20.35,19.05,"2,832","Oct 29, 2012"
25-10-2012,21.40,21.40,21.40,21.40,20.03,125,"Oct 25, 2012"
23-10-2012,21.70,22.45,21.50,21.55,20.17,"2,472","Oct 23, 2012"
22-10-2012,21.05,22.75,20.60,21.95,20.55,"4,190","Oct 22, 2012"
19-10-2012,21.50,21.50,21.20,21.25,19.89,"2,001","Oct 19, 2012"
18-10-2012,21.00,21.90,20.85,21.50,20.13,"1,730","Oct 18, 2012"
17-10-2012,21.80,21.80,21.35,21.45,20.08,417,"Oct 17, 2012"
16-10-2012,21.80,22.25,21.60,21.85,20.45,"19,217","Oct 16, 2012"
15-10-2012,22.20,23.90,22.00,22.30,20.87,"32,676","Oct 15, 2012"
12-10-2012,21.20,22.70,21.20,22.20,20.78,"25,106","Oct 12, 2012"
11-10-2012,21.25,21.25,21.25,21.25,19.89,510,"Oct 11, 2012"
10-10-2012,21.00,22.00,20.70,21.40,20.03,"20,330","Oct 10, 2012"
09-10-2012,21.95,22.25,20.75,21.45,20.08,"1,689","Oct 09, 2012"
08-10-2012,20.90,21.50,20.80,21.50,20.13,596,"Oct 08, 2012"
05-10-2012,21.80,21.80,20.95,21.05,19.70,842,"Oct 05, 2012"
04-10-2012,23.25,23.25,21.00,22.10,20.69,"110,094","Oct 04, 2012"
03-10-2012,20.15,20.80,20.00,20.45,19.14,"4,368","Oct 03, 2012"
01-10-2012,20.50,20.70,19.90,20.10,18.81,"5,750","Oct 01, 2012"
28-09-2012,20.90,20.90,19.50,19.95,18.67,"17,397","Sep 28, 2012"
27-09-2012,21.25,21.25,19.85,20.05,18.77,"2,555","Sep 27, 2012"
26-09-2012,21.60,21.60,20.40,20.60,19.28,"3,286","Sep 26, 2012"
25-09-2012,20.90,23.15,20.10,21.15,19.80,"79,349","Sep 25, 2012"
24-09-2012,19.50,21.45,19.45,20.95,19.61,"26,028","Sep 24, 2012"
21-09-2012,19.00,19.80,18.25,18.75,17.55,"7,757","Sep 21, 2012"
20-09-2012,19.00,19.90,18.25,18.80,17.60,"2,335","Sep 20, 2012"
18-09-2012,19.85,19.85,18.75,19.15,17.93,"7,071","Sep 18, 2012"
18-09-2012,0.091987 Dividend,,,,,,"Sep 18, 2012"
17-09-2012,21.00,21.00,19.70,19.95,18.59,"26,954","Sep 17, 2012"
14-09-2012,20.60,20.60,19.90,20.00,18.63,"4,135","Sep 14, 2012"
13-09-2012,20.10,20.70,19.90,20.00,18.63,"6,372","Sep 13, 2012"
12-09-2012,20.55,21.00,20.00,20.85,19.43,"8,219","Sep 12, 2012"
11-09-2012,20.00,20.05,19.10,19.85,18.50,"5,062","Sep 11, 2012"
10-09-2012,20.70,20.90,19.10,19.70,18.36,"4,160","Sep 10, 2012"
08-09-2012,-,-,-,-,-,-,"Sep 08, 2012"
07-09-2012,18.40,19.65,18.00,18.90,17.61,"1,572","Sep 07, 2012"
06-09-2012,18.40,18.45,18.10,18.40,17.14,"11,805","Sep 06, 2012"
05-09-2012,18.85,20.25,18.35,18.65,17.38,"3,990","Sep 05, 2012"
04-09-2012,19.15,19.55,18.95,19.45,18.12,"1,190","Sep 04, 2012"
03-09-2012,19.70,19.75,18.85,19.40,18.08,"6,783","Sep 03, 2012"
31-08-2012,19.00,21.00,18.00,19.70,18.36,"21,479","Aug 31, 2012"
30-08-2012,17.00,17.95,16.40,17.90,16.68,"3,419","Aug 30, 2012"
29-08-2012,19.55,19.55,17.00,17.25,16.07,"15,090","Aug 29, 2012"
28-08-2012,18.60,19.00,18.60,19.00,17.70,400,"Aug 28, 2012"
27-08-2012,18.75,19.75,18.70,19.00,17.70,"2,390","Aug 27, 2012"
24-08-2012,19.10,19.30,18.75,19.30,17.98,"1,999","Aug 24, 2012"
23-08-2012,19.60,19.95,18.90,19.15,17.84,"8,099","Aug 23, 2012"
22-08-2012,20.00,20.00,19.20,19.20,17.89,"1,511","Aug 22, 2012"
21-08-2012,20.30,20.30,19.25,19.50,18.17,"10,583","Aug 21, 2012"
17-08-2012,21.00,21.60,20.15,20.30,18.91,393,"Aug 17, 2012"
16-08-2012,21.00,21.00,20.25,20.60,19.19,"1,307","Aug 16, 2012"
14-08-2012,21.50,21.85,19.80,21.65,20.17,"12,554","Aug 14, 2012"
13-08-2012,21.40,21.40,20.25,20.70,19.29,170,"Aug 13, 2012"
10-08-2012,21.10,21.10,20.65,21.00,19.57,301,"Aug 10, 2012"
09-08-2012,21.00,21.65,20.55,20.60,19.19,"1,578","Aug 09, 2012"
08-08-2012,21.65,21.65,20.90,21.00,19.57,"9,001","Aug 08, 2012"
07-08-2012,21.75,21.75,21.50,21.50,20.03,318,"Aug 07, 2012"
06-08-2012,21.60,21.75,21.25,21.30,19.85,517,"Aug 06, 2012"
03-08-2012,21.40,22.00,21.25,21.45,19.99,"1,258","Aug 03, 2012"
02-08-2012,22.65,23.00,21.10,21.40,19.94,"3,502","Aug 02, 2012"
01-08-2012,22.40,22.40,22.40,22.40,20.87,-,"Aug 01, 2012"
31-07-2012,22.05,22.70,21.90,22.40,20.87,"3,350","Jul 31, 2012"
30-07-2012,22.75,23.20,21.55,21.65,20.17,"3,665","Jul 30, 2012"
27-07-2012,21.50,22.75,21.50,22.75,21.20,"25,150","Jul 27, 2012"
26-07-2012,21.00,22.00,20.80,21.35,19.89,"3,231","Jul 26, 2012"
25-07-2012,21.85,21.85,21.35,21.80,20.31,7,"Jul 25, 2012"
24-07-2012,22.80,22.80,21.85,21.85,20.36,"15,104","Jul 24, 2012"
23-07-2012,23.00,23.00,21.50,21.55,20.08,"1,574","Jul 23, 2012"
20-07-2012,21.50,23.00,21.50,21.95,20.45,"6,615","Jul 20, 2012"
19-07-2012,21.50,22.50,21.50,22.00,20.50,"2,650","Jul 19, 2012"
18-07-2012,22.10,23.80,21.90,22.00,20.50,"6,338","Jul 18, 2012"
17-07-2012,23.00,24.15,22.15,22.85,21.29,"3,925","Jul 17, 2012"
16-07-2012,23.00,23.95,22.10,23.90,22.27,158,"Jul 16, 2012"
13-07-2012,23.00,24.95,22.10,23.50,21.90,"9,918","Jul 13, 2012"
12-07-2012,22.00,25.00,21.55,23.60,21.99,"81,793","Jul 12, 2012"
11-07-2012,22.50,23.55,22.20,23.00,21.43,551,"Jul 11, 2012"
10-07-2012,22.20,22.20,22.20,22.20,20.68,-,"Jul 10, 2012"
09-07-2012,22.40,23.60,21.45,22.20,20.68,616,"Jul 09, 2012"
06-07-2012,22.10,22.25,22.10,22.20,20.68,560,"Jul 06, 2012"
05-07-2012,22.25,22.25,22.25,22.25,20.73,197,"Jul 05, 2012"
04-07-2012,22.50,23.80,21.50,21.65,20.17,434,"Jul 04, 2012"
03-07-2012,22.00,22.00,22.00,22.00,20.50,100,"Jul 03, 2012"
02-07-2012,21.80,22.00,21.25,21.65,20.17,104,"Jul 02, 2012"
29-06-2012,21.60,22.90,21.30,22.25,20.73,"2,299","Jun 29, 2012"
28-06-2012,21.50,21.80,21.20,21.60,20.13,"1,124","Jun 28, 2012"
27-06-2012,21.15,22.45,21.15,21.50,20.03,42,"Jun 27, 2012"
26-06-2012,21.00,21.90,21.00,21.50,20.03,"1,486","Jun 26, 2012"
25-06-2012,22.40,22.40,21.15,21.60,20.13,920,"Jun 25, 2012"
22-06-2012,22.00,22.00,22.00,22.00,20.50,38,"Jun 22, 2012"
21-06-2012,21.60,22.00,21.00,21.25,19.80,"2,114","Jun 21, 2012"
20-06-2012,22.00,22.20,21.05,21.40,19.94,"2,632","Jun 20, 2012"
19-06-2012,22.60,22.75,22.00,22.70,21.15,581,"Jun 19, 2012"
18-06-2012,24.00,24.00,22.60,22.60,21.06,"1,004","Jun 18, 2012"
15-06-2012,22.85,22.85,22.85,22.85,21.29,-,"Jun 15, 2012"
14-06-2012,22.90,24.00,22.85,22.85,21.29,378,"Jun 14, 2012"
13-06-2012,23.15,23.20,22.15,22.90,21.34,"1,004","Jun 13, 2012"
12-06-2012,23.40,24.90,22.40,24.00,22.36,192,"Jun 12, 2012"
11-06-2012,24.00,27.00,22.25,23.20,21.62,"45,420","Jun 11, 2012"
08-06-2012,20.45,24.70,20.20,22.55,21.01,"2,556","Jun 08, 2012"
07-06-2012,21.00,21.00,20.75,21.00,19.57,748,"Jun 07, 2012"
06-06-2012,20.00,21.95,19.85,20.75,19.33,"2,724","Jun 06, 2012"
05-06-2012,20.40,20.45,19.90,20.10,18.73,"3,993","Jun 05, 2012"
04-06-2012,20.10,21.20,19.90,20.85,19.43,"3,005","Jun 04, 2012"
01-06-2012,21.00,21.00,19.75,20.10,18.73,173,"Jun 01, 2012"
31-05-2012,21.00,22.25,20.40,22.15,20.64,4,"May 31, 2012"
30-05-2012,21.00,21.50,20.10,21.50,20.03,662,"May 30, 2012"
29-05-2012,21.15,22.55,21.00,22.55,21.01,"1,077","May 29, 2012"
28-05-2012,21.50,21.50,21.15,21.15,19.71,920,"May 28, 2012"
25-05-2012,21.05,21.95,21.05,21.45,19.99,600,"May 25, 2012"
24-05-2012,23.85,23.85,21.00,21.65,20.17,345,"May 24, 2012"
23-05-2012,22.90,22.95,22.50,22.80,21.24,15,"May 23, 2012"
22-05-2012,22.15,23.65,21.30,22.45,20.92,"9,901","May 22, 2012"
21-05-2012,23.95,23.95,22.00,22.20,20.68,"2,564","May 21, 2012"
18-05-2012,20.95,25.00,20.95,23.05,21.48,"16,107","May 18, 2012"
17-05-2012,19.45,21.70,19.45,21.00,19.57,864,"May 17, 2012"
16-05-2012,19.55,19.55,19.55,19.55,18.22,151,"May 16, 2012"
15-05-2012,19.50,19.50,19.50,19.50,18.17,200,"May 15, 2012"
14-05-2012,19.60,19.60,19.60,19.60,18.26,50,"May 14, 2012"
11-05-2012,20.00,20.75,20.00,20.00,18.63,"28,862","May 11, 2012"
10-05-2012,19.55,20.00,19.55,19.85,18.50,675,"May 10, 2012"
09-05-2012,19.55,20.65,19.35,19.70,18.36,"1,614","May 09, 2012"
08-05-2012,20.00,20.80,19.00,20.05,18.68,"2,247","May 08, 2012"
07-05-2012,20.00,20.35,19.70,20.20,18.82,"2,201","May 07, 2012"
04-05-2012,22.00,22.65,19.55,20.65,19.24,"20,566","May 04, 2012"
03-05-2012,22.40,22.40,22.15,22.20,20.68,"2,216","May 03, 2012"
02-05-2012,22.50,23.10,22.05,22.05,20.54,"2,330","May 02, 2012"
30-04-2012,23.00,23.50,22.15,22.45,20.92,"4,030","Apr 30, 2012"
27-04-2012,23.25,23.50,21.40,22.35,20.82,"8,198","Apr 27, 2012"
26-04-2012,23.85,23.85,23.00,23.25,21.66,874,"Apr 26, 2012"
25-04-2012,25.25,25.25,23.10,23.70,22.08,"1,962","Apr 25, 2012"
24-04-2012,23.30,23.45,22.95,23.25,21.66,"19,792","Apr 24, 2012"
23-04-2012,24.90,25.75,22.60,23.15,21.57,"9,728","Apr 23, 2012"
20-04-2012,25.85,26.40,25.10,25.85,24.09,"14,945","Apr 20, 2012"
19-04-2012,26.85,26.85,25.40,25.80,24.04,"7,045","Apr 19, 2012"
18-04-2012,26.05,27.90,26.05,26.55,24.74,"19,121","Apr 18, 2012"
17-04-2012,25.50,27.50,25.50,26.45,24.64,"96,152","Apr 17, 2012"
16-04-2012,24.50,26.00,24.20,25.90,24.13,"8,059","Apr 16, 2012"
13-04-2012,23.70,25.60,22.25,24.25,22.59,"14,004","Apr 13, 2012"
12-04-2012,22.95,23.00,22.60,22.70,21.15,"1,165","Apr 12, 2012"
11-04-2012,22.50,23.25,22.15,22.55,21.01,513,"Apr 11, 2012"
10-04-2012,22.50,22.50,22.00,22.40,20.87,"1,183","Apr 10, 2012"
09-04-2012,23.50,23.75,22.10,23.00,21.43,"1,210","Apr 09, 2012"
04-04-2012,22.50,23.30,22.45,23.15,21.57,"1,160","Apr 04, 2012"
03-04-2012,23.60,23.60,22.25,23.05,21.48,480,"Apr 03, 2012"
02-04-2012,22.00,22.70,21.20,22.25,20.73,821,"Apr 02, 2012"
30-03-2012,21.50,23.50,21.50,23.35,21.76,154,"Mar 30, 2012"
29-03-2012,21.00,22.20,20.30,21.50,20.03,"1,676","Mar 29, 2012"
28-03-2012,22.10,23.85,22.00,22.00,20.50,"2,719","Mar 28, 2012"
27-03-2012,22.00,24.70,22.00,22.90,21.34,"1,605","Mar 27, 2012"
26-03-2012,22.75,23.00,22.35,23.00,21.43,"1,201","Mar 26, 2012"
23-03-2012,24.45,24.45,22.65,23.35,21.76,"1,749","Mar 23, 2012"
22-03-2012,22.50,23.20,22.50,22.50,20.96,"1,315","Mar 22, 2012"
21-03-2012,22.80,22.95,22.40,22.65,21.10,945,"Mar 21, 2012"
20-03-2012,23.70,23.80,22.85,23.00,21.43,930,"Mar 20, 2012"
19-03-2012,22.95,24.25,22.50,23.70,22.08,"6,068","Mar 19, 2012"
16-03-2012,24.00,24.85,22.10,24.30,22.64,986,"Mar 16, 2012"
15-03-2012,24.70,24.70,22.85,23.00,21.43,"27,227","Mar 15, 2012"
14-03-2012,23.40,24.05,23.10,23.30,21.71,722,"Mar 14, 2012"
13-03-2012,25.60,25.60,22.30,22.80,21.24,"8,428","Mar 13, 2012"
12-03-2012,23.60,23.90,23.00,23.00,21.43,"4,036","Mar 12, 2012"
09-03-2012,22.65,23.60,22.00,23.60,21.99,"1,571","Mar 09, 2012"
07-03-2012,23.00,24.00,23.00,23.05,21.48,402,"Mar 07, 2012"
06-03-2012,23.10,23.10,23.10,23.10,21.52,40,"Mar 06, 2012"
05-03-2012,24.30,25.35,23.05,23.55,21.94,554,"Mar 05, 2012"
03-03-2012,-,-,-,-,-,-,"Mar 03, 2012"
02-03-2012,24.55,25.00,23.55,24.70,23.01,"1,579","Mar 02, 2012"
01-03-2012,26.20,26.20,22.45,25.00,23.29,"1,243","Mar 01, 2012"
29-02-2012,23.25,24.65,23.25,24.00,22.36,"4,179","Feb 29, 2012"
28-02-2012,23.75,23.90,23.20,23.25,21.66,"2,040","Feb 28, 2012"
27-02-2012,24.00,25.00,23.00,23.00,21.43,"5,442","Feb 27, 2012"
24-02-2012,24.25,25.35,24.25,24.50,22.83,125,"Feb 24, 2012"
23-02-2012,24.65,25.30,24.00,24.25,22.59,"1,542","Feb 23, 2012"
22-02-2012,26.35,26.65,24.75,24.95,23.25,"1,694","Feb 22, 2012"
21-02-2012,25.00,25.00,24.50,25.00,23.29,"1,252","Feb 21, 2012"
17-02-2012,26.00,28.00,25.10,25.50,23.76,"6,823","Feb 17, 2012"
16-02-2012,26.00,26.80,25.00,25.20,23.48,"25,491","Feb 16, 2012"
15-02-2012,25.85,25.95,24.60,25.40,23.67,"2,144","Feb 15, 2012"
14-02-2012,25.00,25.85,24.10,24.60,22.92,"2,233","Feb 14, 2012"
13-02-2012,25.45,26.00,23.40,24.90,23.20,829,"Feb 13, 2012"
10-02-2012,26.65,26.70,25.30,25.45,23.71,"2,865","Feb 10, 2012"
09-02-2012,26.05,26.40,25.90,25.90,24.13,"17,122","Feb 09, 2012"
08-02-2012,26.00,26.05,24.45,26.00,24.23,"2,853","Feb 08, 2012"
07-02-2012,27.00,27.00,26.05,26.10,24.32,"1,225","Feb 07, 2012"
06-02-2012,26.00,27.60,25.00,26.95,25.11,"3,072","Feb 06, 2012"
03-02-2012,27.50,27.50,24.15,26.65,24.83,225,"Feb 03, 2012"
02-02-2012,26.75,26.75,25.10,26.00,24.23,"6,535","Feb 02, 2012"
01-02-2012,26.05,27.40,26.05,27.20,25.34,"1,470","Feb 01, 2012"
31-01-2012,27.10,27.10,26.15,26.55,24.74,"1,518","Jan 31, 2012"
30-01-2012,29.15,30.95,26.00,27.20,25.34,"10,239","Jan 30, 2012"
27-01-2012,24.05,28.70,23.95,28.65,26.69,"9,803","Jan 27, 2012"
25-01-2012,22.80,23.95,22.80,23.95,22.32,900,"Jan 25, 2012"
24-01-2012,23.00,24.25,22.80,23.90,22.27,"1,401","Jan 24, 2012"
23-01-2012,23.20,24.65,23.20,23.80,22.18,990,"Jan 23, 2012"
20-01-2012,22.50,25.00,22.00,23.40,21.80,"1,677","Jan 20, 2012"
19-01-2012,23.00,25.25,22.50,23.40,21.80,"1,316","Jan 19, 2012"
18-01-2012,23.00,26.00,23.00,23.55,21.94,196,"Jan 18, 2012"
17-01-2012,24.60,24.60,23.75,23.75,22.13,373,"Jan 17, 2012"
16-01-2012,24.75,24.80,23.30,23.85,22.22,"1,683","Jan 16, 2012"
13-01-2012,23.50,23.60,22.80,23.00,21.43,"1,902","Jan 13, 2012"
12-01-2012,25.95,25.95,23.00,24.75,23.06,430,"Jan 12, 2012"
11-01-2012,26.60,26.60,22.95,23.00,21.43,"1,639","Jan 11, 2012"
10-01-2012,21.00,24.65,21.00,23.55,21.94,841,"Jan 10, 2012"
09-01-2012,24.75,24.75,20.75,22.00,20.50,"1,472","Jan 09, 2012"
07-01-2012,-,-,-,-,-,-,"Jan 07, 2012"
06-01-2012,21.00,22.50,20.10,22.30,20.78,"1,418","Jan 06, 2012"
05-01-2012,20.80,22.20,20.20,21.90,20.41,"5,152","Jan 05, 2012"
04-01-2012,20.00,20.85,19.90,20.75,19.33,"2,664","Jan 04, 2012"
03-01-2012,20.95,21.10,19.95,20.90,19.47,920,"Jan 03, 2012"
02-01-2012,19.95,19.95,19.20,19.20,17.89,125,"Jan 02, 2012"
30-12-2011,20.60,20.60,18.75,19.75,18.40,"1,640","Dec 30, 2011"
29-12-2011,19.50,19.50,19.10,19.10,17.80,"1,116","Dec 29, 2011"
28-12-2011,20.45,20.50,19.50,19.50,18.17,300,"Dec 28, 2011"
27-12-2011,20.75,20.75,20.75,20.75,19.33,-,"Dec 27, 2011"
26-12-2011,19.50,20.75,19.50,20.75,19.33,91,"Dec 26, 2011"
23-12-2011,20.40,20.40,19.50,19.90,18.54,552,"Dec 23, 2011"
22-12-2011,19.95,20.70,19.10,19.90,18.54,938,"Dec 22, 2011"
21-12-2011,20.90,20.90,18.70,19.35,18.03,"1,145","Dec 21, 2011"
20-12-2011,19.55,20.45,19.25,19.70,18.36,"1,608","Dec 20, 2011"
19-12-2011,21.90,22.25,20.15,20.60,19.19,"1,351","Dec 19, 2011"
16-12-2011,22.30,23.75,22.00,22.00,20.50,"2,990","Dec 16, 2011"
15-12-2011,23.00,23.50,23.00,23.00,21.43,822,"Dec 15, 2011"
14-12-2011,22.75,24.45,22.75,23.10,21.52,"1,120","Dec 14, 2011"
13-12-2011,24.30,25.35,23.25,24.15,22.50,"2,641","Dec 13, 2011"
12-12-2011,25.00,25.95,24.00,24.30,22.64,"2,207","Dec 12, 2011"
09-12-2011,24.15,25.90,24.15,25.10,23.39,"1,188","Dec 09, 2011"
08-12-2011,26.60,26.60,25.20,25.50,23.76,"25,811","Dec 08, 2011"
07-12-2011,25.90,26.40,25.20,25.90,24.13,910,"Dec 07, 2011"
05-12-2011,26.30,27.50,25.15,25.50,23.76,"22,363","Dec 05, 2011"
02-12-2011,26.60,26.65,25.80,26.05,24.27,"55,991","Dec 02, 2011"
01-12-2011,28.00,28.40,25.70,26.05,24.27,"98,566","Dec 01, 2011"
30-11-2011,26.75,26.95,26.00,26.95,25.11,"50,967","Nov 30, 2011"
29-11-2011,26.50,27.40,26.10,26.85,25.02,"38,810","Nov 29, 2011"
28-11-2011,26.95,27.50,26.05,26.40,24.60,"7,159","Nov 28, 2011"
25-11-2011,26.25,27.50,25.65,26.95,25.11,"4,835","Nov 25, 2011"
24-11-2011,28.75,28.75,26.25,26.25,24.46,"24,333","Nov 24, 2011"
23-11-2011,27.15,27.40,25.05,27.25,25.39,"1,145","Nov 23, 2011"
22-11-2011,27.90,28.00,26.00,26.35,24.55,"14,569","Nov 22, 2011"
21-11-2011,27.85,28.70,26.25,26.80,24.97,"54,051","Nov 21, 2011"
18-11-2011,28.00,30.00,27.55,28.50,26.55,"381,385","Nov 18, 2011"
17-11-2011,28.40,29.90,27.95,29.25,27.25,"5,459","Nov 17, 2011"
16-11-2011,31.50,31.60,28.15,28.35,26.41,"23,276","Nov 16, 2011"
15-11-2011,32.25,32.60,30.05,30.75,28.65,"27,979","Nov 15, 2011"
14-11-2011,31.75,33.50,31.65,32.05,29.86,"55,210","Nov 14, 2011"
11-11-2011,33.60,33.90,30.50,32.10,29.91,"49,131","Nov 11, 2011"
09-11-2011,33.50,33.80,33.25,33.30,31.03,"60,555","Nov 09, 2011"
08-11-2011,33.90,34.00,33.00,33.95,31.63,"85,677","Nov 08, 2011"
04-11-2011,33.60,34.40,33.35,33.70,31.40,"53,325","Nov 04, 2011"
03-11-2011,32.60,33.60,32.45,33.40,31.12,"56,995","Nov 03, 2011"
02-11-2011,33.10,33.20,32.25,32.65,30.42,"50,686","Nov 02, 2011"
01-11-2011,32.00,34.70,32.00,32.35,30.14,"53,851","Nov 01, 2011"
31-10-2011,32.50,33.80,32.50,33.30,31.03,"53,031","Oct 31, 2011"
28-10-2011,32.55,33.85,32.50,33.20,30.93,"55,529","Oct 28, 2011"
25-10-2011,33.10,33.45,31.70,32.10,29.91,"52,858","Oct 25, 2011"
24-10-2011,32.10,33.90,31.65,33.00,30.75,"87,322","Oct 24, 2011"
21-10-2011,31.50,32.60,31.50,32.50,30.28,"116,515","Oct 21, 2011"
20-10-2011,30.80,33.60,30.80,32.50,30.28,"139,636","Oct 20, 2011"
19-10-2011,34.05,34.10,31.35,32.00,29.82,"52,816","Oct 19, 2011"
18-10-2011,33.85,33.85,31.55,32.50,30.28,"84,829","Oct 18, 2011"
17-10-2011,32.60,32.95,32.30,32.50,30.28,"73,245","Oct 17, 2011"
14-10-2011,32.10,34.00,32.10,32.60,30.37,"106,286","Oct 14, 2011"
13-10-2011,34.05,35.10,32.70,33.60,31.31,"83,945","Oct 13, 2011"
12-10-2011,33.90,34.75,33.60,34.00,31.68,"38,701","Oct 12, 2011"
11-10-2011,32.50,33.85,31.50,33.50,31.21,"3,077","Oct 11, 2011"
10-10-2011,30.50,33.30,30.50,33.05,30.79,"59,098","Oct 10, 2011"
07-10-2011,30.85,32.30,30.85,32.05,29.86,"117,705","Oct 07, 2011"
05-10-2011,31.00,31.90,30.20,30.75,28.65,"162,091","Oct 05, 2011"
04-10-2011,31.45,32.35,30.25,31.10,28.98,"99,885","Oct 04, 2011"
03-10-2011,31.00,33.00,30.45,30.95,28.84,"115,120","Oct 03, 2011"
30-09-2011,32.10,33.00,31.40,32.05,29.86,"149,180","Sep 30, 2011"
29-09-2011,32.00,34.00,31.25,33.00,30.75,"105,333","Sep 29, 2011"
28-09-2011,33.40,33.40,31.10,32.80,30.56,"93,179","Sep 28, 2011"
27-09-2011,30.00,31.90,30.00,31.90,29.72,"46,843","Sep 27, 2011"
26-09-2011,31.00,32.20,28.80,30.35,28.28,"102,281","Sep 26, 2011"
23-09-2011,32.50,32.80,31.00,31.95,29.77,"119,043","Sep 23, 2011"
22-09-2011,35.05,36.45,32.90,34.00,31.68,"155,766","Sep 22, 2011"
21-09-2011,40.90,40.90,35.45,36.35,33.87,"286,875","Sep 21, 2011"
20-09-2011,32.50,39.30,32.10,39.25,36.57,"599,382","Sep 20, 2011"
19-09-2011,33.50,33.95,32.00,32.75,30.51,"107,064","Sep 19, 2011"
19-09-2011,0.459935 Dividend,,,,,,"Sep 19, 2011"
16-09-2011,33.50,34.70,33.30,34.20,31.44,"114,545","Sep 16, 2011"
15-09-2011,32.50,34.50,32.05,34.20,31.44,"120,720","Sep 15, 2011"
14-09-2011,33.00,33.00,31.00,32.50,29.87,"102,149","Sep 14, 2011"
13-09-2011,31.50,34.70,31.50,32.75,30.10,"131,436","Sep 13, 2011"
12-09-2011,32.50,32.60,30.45,31.40,28.86,"100,608","Sep 12, 2011"
09-09-2011,32.00,33.50,31.00,32.00,29.41,"82,258","Sep 09, 2011"
08-09-2011,32.45,33.80,32.15,33.30,30.61,"103,616","Sep 08, 2011"
07-09-2011,31.00,35.00,30.90,32.90,30.24,"98,553","Sep 07, 2011"
06-09-2011,29.50,32.00,27.55,31.30,28.77,"99,995","Sep 06, 2011"
05-09-2011,27.00,30.50,25.05,29.25,26.89,"9,401","Sep 05, 2011"
02-09-2011,26.40,28.40,26.40,28.00,25.74,"10,441","Sep 02, 2011"
30-08-2011,25.60,28.95,24.10,27.55,25.32,"6,093","Aug 30, 2011"
29-08-2011,23.25,27.00,23.25,25.60,23.53,"4,445","Aug 29, 2011"
26-08-2011,24.20,25.85,23.10,23.30,21.42,"5,052","Aug 26, 2011"
25-08-2011,25.35,28.35,23.85,24.15,22.20,"14,182","Aug 25, 2011"
24-08-2011,29.00,29.00,26.15,26.30,24.18,"1,515","Aug 24, 2011"
23-08-2011,27.50,27.50,27.05,27.05,24.86,200,"Aug 23, 2011"
22-08-2011,27.75,27.75,27.50,27.50,25.28,351,"Aug 22, 2011"
19-08-2011,26.35,28.00,25.35,27.95,25.69,"20,997","Aug 19, 2011"
18-08-2011,28.00,28.00,27.25,27.85,25.60,"2,237","Aug 18, 2011"
17-08-2011,28.00,28.50,26.00,27.90,25.65,"8,271","Aug 17, 2011"
16-08-2011,27.00,28.50,27.00,28.00,25.74,"1,197","Aug 16, 2011"
12-08-2011,30.50,30.50,27.50,28.10,25.83,"4,320","Aug 12, 2011"
11-08-2011,28.00,28.00,27.00,27.85,25.60,"8,618","Aug 11, 2011"
10-08-2011,28.25,30.45,28.25,29.15,26.79,"1,025","Aug 10, 2011"
09-08-2011,27.90,30.70,26.80,28.10,25.83,"4,142","Aug 09, 2011"
08-08-2011,27.75,28.25,27.00,28.00,25.74,"13,396","Aug 08, 2011"
05-08-2011,27.90,30.55,27.90,28.95,26.61,"7,839","Aug 05, 2011"
04-08-2011,30.90,31.00,30.90,31.00,28.50,"1,939","Aug 04, 2011"
03-08-2011,31.30,32.20,31.30,32.20,29.60,"2,602","Aug 03, 2011"
02-08-2011,32.00,32.90,30.40,32.00,29.41,730,"Aug 02, 2011"
01-08-2011,34.00,34.00,32.70,33.45,30.75,230,"Aug 01, 2011"
29-07-2011,29.55,37.40,29.55,33.75,31.02,"64,439","Jul 29, 2011"
28-07-2011,33.50,33.90,33.10,33.15,30.47,"5,004","Jul 28, 2011"
27-07-2011,34.10,34.45,33.50,34.00,31.25,134,"Jul 27, 2011"
26-07-2011,34.50,34.65,33.50,33.55,30.84,"2,766","Jul 26, 2011"
25-07-2011,33.00,34.80,33.00,33.70,30.98,"9,330","Jul 25, 2011"
22-07-2011,33.00,34.90,32.50,33.15,30.47,"49,896","Jul 22, 2011"
21-07-2011,32.50,32.85,32.00,32.25,29.64,"5,226","Jul 21, 2011"
20-07-2011,32.40,33.70,31.50,31.95,29.37,"3,902","Jul 20, 2011"
19-07-2011,31.20,32.50,31.20,32.10,29.51,977,"Jul 19, 2011"
18-07-2011,31.40,32.35,31.00,31.40,28.86,"3,100","Jul 18, 2011"
15-07-2011,32.00,32.75,31.00,31.00,28.50,"1,521","Jul 15, 2011"
14-07-2011,30.20,34.50,29.60,31.50,28.96,"155,588","Jul 14, 2011"
13-07-2011,29.05,30.65,29.05,30.10,27.67,109,"Jul 13, 2011"
12-07-2011,30.20,31.05,30.00,30.10,27.67,"1,237","Jul 12, 2011"
11-07-2011,30.50,31.10,30.15,30.50,28.04,"1,130","Jul 11, 2011"
08-07-2011,30.10,31.75,29.85,30.50,28.04,"7,784","Jul 08, 2011"
07-07-2011,30.00,31.20,30.00,30.00,27.58,"2,042","Jul 07, 2011"
06-07-2011,31.65,31.65,29.95,30.00,27.58,"9,262","Jul 06, 2011"
05-07-2011,34.35,34.35,31.50,32.10,29.51,"4,101","Jul 05, 2011"
04-07-2011,34.35,35.00,32.45,32.60,29.97,"26,295","Jul 04, 2011"
01-07-2011,30.45,35.20,28.40,34.35,31.57,"184,849","Jul 01, 2011"
30-06-2011,29.00,30.25,28.20,29.30,26.93,"37,596","Jun 30, 2011"
29-06-2011,28.90,29.00,28.00,28.55,26.24,"52,325","Jun 29, 2011"
28-06-2011,29.55,29.95,28.10,28.80,26.47,"41,614","Jun 28, 2011"
27-06-2011,27.55,30.40,27.55,29.65,27.25,"85,460","Jun 27, 2011"
24-06-2011,25.70,29.20,25.00,28.40,26.11,"82,951","Jun 24, 2011"
23-06-2011,25.00,25.00,24.30,24.30,22.34,"1,250","Jun 23, 2011"
22-06-2011,24.50,25.50,24.50,25.00,22.98,"17,600","Jun 22, 2011"
21-06-2011,25.05,27.90,24.65,25.70,23.62,"10,485","Jun 21, 2011"
20-06-2011,26.00,27.70,24.00,24.75,22.75,"15,885","Jun 20, 2011"
17-06-2011,25.10,26.45,25.10,25.15,23.12,"1,800","Jun 17, 2011"
16-06-2011,25.95,25.95,25.00,25.00,22.98,"6,882","Jun 16, 2011"
15-06-2011,27.00,28.00,25.40,25.95,23.85,"13,022","Jun 15, 2011"
14-06-2011,24.95,29.45,24.00,27.05,24.86,"28,418","Jun 14, 2011"
13-06-2011,23.35,24.75,23.35,24.75,22.75,2,"Jun 13, 2011"
10-06-2011,23.25,24.15,23.25,24.15,22.20,6,"Jun 10, 2011"
09-06-2011,23.45,23.45,23.20,23.20,21.33,"2,000","Jun 09, 2011"
08-06-2011,23.75,24.05,23.35,24.00,22.06,376,"Jun 08, 2011"
07-06-2011,23.80,23.80,23.75,23.75,21.83,150,"Jun 07, 2011"
06-06-2011,23.85,23.85,23.85,23.85,21.92,-,"Jun 06, 2011"
03-06-2011,24.15,24.60,23.85,23.85,21.92,"2,665","Jun 03, 2011"
02-06-2011,24.15,26.45,23.20,24.50,22.52,"26,962","Jun 02, 2011"
01-06-2011,24.05,24.55,24.05,24.55,22.57,190,"Jun 01, 2011"
31-05-2011,24.35,25.25,24.05,24.55,22.57,"4,967","May 31, 2011"
30-05-2011,23.90,24.00,23.90,24.00,22.06,"1,714","May 30, 2011"
27-05-2011,23.35,23.70,23.00,23.35,21.46,67,"May 27, 2011"
26-05-2011,22.50,24.70,22.50,23.25,21.37,"1,489","May 26, 2011"
25-05-2011,22.85,25.00,22.70,23.15,21.28,"3,763","May 25, 2011"
24-05-2011,23.10,26.25,23.10,23.95,22.02,"1,637","May 24, 2011"
23-05-2011,25.50,25.50,23.65,23.85,21.92,"1,469","May 23, 2011"
20-05-2011,24.00,25.90,24.00,25.70,23.62,"1,346","May 20, 2011"
19-05-2011,25.00,25.60,23.40,25.50,23.44,562,"May 19, 2011"
18-05-2011,23.00,25.35,23.00,25.10,23.07,"5,786","May 18, 2011"
17-05-2011,23.00,24.50,23.00,23.75,21.83,"1,496","May 17, 2011"
16-05-2011,22.00,23.00,22.00,23.00,21.14,101,"May 16, 2011"
13-05-2011,23.25,23.25,23.15,23.15,21.28,"1,050","May 13, 2011"
12-05-2011,24.00,24.00,23.20,23.20,21.33,"1,813","May 12, 2011"
11-05-2011,23.35,23.50,23.00,23.15,21.28,341,"May 11, 2011"
10-05-2011,24.00,25.55,23.35,23.80,21.88,123,"May 10, 2011"
09-05-2011,23.60,24.00,23.60,24.00,22.06,678,"May 09, 2011"
06-05-2011,21.60,24.35,21.60,23.30,21.42,"2,068","May 06, 2011"
05-05-2011,24.00,24.00,23.65,23.65,21.74,"1,129","May 05, 2011"
04-05-2011,23.35,24.00,23.00,24.00,22.06,"1,285","May 04, 2011"
03-05-2011,24.75,24.75,24.00,24.60,22.61,"3,514","May 03, 2011"
02-05-2011,24.75,24.75,24.75,24.75,22.75,800,"May 02, 2011"
29-04-2011,25.50,25.50,25.50,25.50,23.44,270,"Apr 29, 2011"
28-04-2011,25.10,25.50,25.10,25.10,23.07,172,"Apr 28, 2011"
27-04-2011,27.00,27.00,25.20,25.40,23.35,"1,562","Apr 27, 2011"
26-04-2011,26.50,27.30,26.50,26.55,24.41,"2,411","Apr 26, 2011"
25-04-2011,26.90,27.50,26.00,27.05,24.86,"8,179","Apr 25, 2011"
21-04-2011,25.15,25.15,25.00,25.10,23.07,"2,000","Apr 21, 2011"
20-04-2011,25.00,25.00,24.80,24.80,22.80,600,"Apr 20, 2011"
19-04-2011,25.50,25.50,24.35,24.90,22.89,894,"Apr 19, 2011"
18-04-2011,25.90,26.35,25.35,26.10,23.99,"8,535","Apr 18, 2011"
15-04-2011,25.00,26.55,25.00,26.05,23.95,"31,578","Apr 15, 2011"
13-04-2011,25.05,26.00,25.05,25.05,23.03,523,"Apr 13, 2011"
11-04-2011,26.40,26.55,25.60,25.75,23.67,"4,326","Apr 11, 2011"
08-04-2011,24.50,29.50,24.50,26.00,23.90,"26,873","Apr 08, 2011"
07-04-2011,23.50,25.80,23.50,24.95,22.93,"3,271","Apr 07, 2011"
06-04-2011,25.65,25.70,24.30,24.50,22.52,"3,610","Apr 06, 2011"
05-04-2011,25.25,26.30,24.70,25.25,23.21,"2,631","Apr 05, 2011"
04-04-2011,23.45,25.45,22.60,25.35,23.30,"2,619","Apr 04, 2011"
01-04-2011,23.00,24.10,23.00,23.40,21.51,"1,355","Apr 01, 2011"
31-03-2011,23.00,23.00,22.00,22.35,20.54,"1,171","Mar 31, 2011"
30-03-2011,20.55,23.70,20.30,23.65,21.74,"9,102","Mar 30, 2011"
29-03-2011,21.40,21.40,19.65,20.90,19.21,"8,263","Mar 29, 2011"
28-03-2011,21.75,22.00,20.85,22.00,20.22,"6,660","Mar 28, 2011"
25-03-2011,21.70,23.50,21.05,21.45,19.72,"24,016","Mar 25, 2011"
24-03-2011,22.35,23.40,22.35,23.25,21.37,"4,479","Mar 24, 2011"
23-03-2011,22.00,23.00,21.80,22.80,20.96,"5,265","Mar 23, 2011"
22-03-2011,21.40,22.00,21.25,21.95,20.18,"1,980","Mar 22, 2011"
21-03-2011,21.45,21.50,21.00,21.20,19.49,"2,490","Mar 21, 2011"
18-03-2011,22.05,22.05,22.05,22.05,20.27,-,"Mar 18, 2011"
17-03-2011,23.80,25.75,22.00,22.05,20.27,"3,150","Mar 17, 2011"
16-03-2011,21.80,23.90,21.80,23.90,21.97,325,"Mar 16, 2011"
15-03-2011,22.40,23.00,20.90,22.00,20.22,"1,655","Mar 15, 2011"
14-03-2011,23.65,23.65,22.80,22.80,20.96,30,"Mar 14, 2011"
11-03-2011,23.45,23.45,22.80,23.05,21.19,"2,145","Mar 11, 2011"
10-03-2011,22.35,22.50,22.35,22.50,20.68,65,"Mar 10, 2011"
09-03-2011,21.65,23.90,21.65,22.55,20.73,708,"Mar 09, 2011"
08-03-2011,23.90,24.00,22.65,23.35,21.46,361,"Mar 08, 2011"
07-03-2011,22.75,23.35,21.85,23.35,21.46,240,"Mar 07, 2011"
04-03-2011,22.90,23.75,22.90,23.25,21.37,550,"Mar 04, 2011"
03-03-2011,21.65,24.45,21.20,22.15,20.36,"5,759","Mar 03, 2011"
01-03-2011,20.50,22.50,20.50,22.50,20.68,"2,392","Mar 01, 2011"
28-02-2011,21.95,21.95,19.80,20.45,18.80,"1,809","Feb 28, 2011"
25-02-2011,21.75,22.30,20.20,21.55,19.81,"2,113","Feb 25, 2011"
24-02-2011,21.75,22.00,21.75,21.75,19.99,395,"Feb 24, 2011"
23-02-2011,22.50,22.55,22.10,22.15,20.36,"1,128","Feb 23, 2011"
22-02-2011,22.50,23.20,22.40,22.50,20.68,"3,229","Feb 22, 2011"
21-02-2011,24.00,24.00,22.35,23.20,21.33,903,"Feb 21, 2011"
18-02-2011,23.10,23.10,22.15,22.85,21.00,577,"Feb 18, 2011"
17-02-2011,24.00,24.00,23.20,23.20,21.33,103,"Feb 17, 2011"
16-02-2011,24.50,24.50,22.90,23.45,21.56,396,"Feb 16, 2011"
15-02-2011,23.25,24.00,22.80,22.85,21.00,"2,582","Feb 15, 2011"
14-02-2011,24.45,24.45,23.00,23.65,21.74,"7,307","Feb 14, 2011"
11-02-2011,23.15,23.80,22.00,23.25,21.37,"1,216","Feb 11, 2011"
10-02-2011,22.00,23.00,22.00,22.30,20.50,"1,179","Feb 10, 2011"
09-02-2011,22.50,24.75,21.70,22.00,20.22,"5,068","Feb 09, 2011"
08-02-2011,25.90,25.90,22.25,23.00,21.14,"5,381","Feb 08, 2011"
07-02-2011,25.25,25.25,24.15,24.65,22.66,"1,500","Feb 07, 2011"
04-02-2011,26.10,26.10,24.50,24.75,22.75,"2,416","Feb 04, 2011"
03-02-2011,24.30,26.70,24.30,26.70,24.54,"1,040","Feb 03, 2011"
02-02-2011,24.50,27.70,24.50,26.55,24.41,"3,890","Feb 02, 2011"
01-02-2011,26.00,26.95,25.25,25.30,23.26,"1,407","Feb 01, 2011"
31-01-2011,25.75,27.00,25.25,26.85,24.68,"1,210","Jan 31, 2011"
28-01-2011,26.00,26.00,25.40,25.60,23.53,163,"Jan 28, 2011"
27-01-2011,26.95,27.50,26.55,26.80,24.63,"1,240","Jan 27, 2011"
25-01-2011,26.10,28.20,26.10,26.90,24.73,"2,467","Jan 25, 2011"
24-01-2011,27.45,28.50,27.35,27.85,25.60,413,"Jan 24, 2011"
21-01-2011,27.50,29.65,27.35,27.45,25.23,"5,659","Jan 21, 2011"
20-01-2011,25.60,28.80,25.60,28.30,26.01,646,"Jan 20, 2011"
19-01-2011,27.30,28.70,26.50,27.20,25.00,"1,993","Jan 19, 2011"
18-01-2011,27.90,28.35,26.80,27.00,24.82,"2,634","Jan 18, 2011"
17-01-2011,26.70,30.75,26.70,27.90,25.65,"7,622","Jan 17, 2011"
14-01-2011,29.00,29.35,29.00,29.10,26.75,525,"Jan 14, 2011"
13-01-2011,29.35,30.10,29.05,29.05,26.70,"1,925","Jan 13, 2011"
12-01-2011,29.25,30.95,27.25,29.90,27.48,"3,313","Jan 12, 2011"
11-01-2011,30.70,30.70,28.25,29.00,26.66,"1,190","Jan 11, 2011"
10-01-2011,29.70,30.70,28.50,28.70,26.38,"2,205","Jan 10, 2011"
07-01-2011,32.20,32.20,29.70,29.90,27.48,"11,635","Jan 07, 2011"
06-01-2011,32.20,32.80,32.20,32.35,29.74,610,"Jan 06, 2011"
05-01-2011,32.25,33.30,32.25,32.95,30.29,"5,822","Jan 05, 2011"
04-01-2011,33.00,33.10,32.40,32.70,30.06,"1,465","Jan 04, 2011"
03-01-2011,33.20,33.50,32.45,33.20,30.52,"4,628","Jan 03, 2011"
31-12-2010,32.45,32.75,31.75,32.30,29.69,"2,576","Dec 31, 2010"
30-12-2010,32.00,32.00,31.35,31.65,29.09,"1,502","Dec 30, 2010"
29-12-2010,31.50,31.70,31.15,31.50,28.96,731,"Dec 29, 2010"
28-12-2010,33.30,33.30,31.50,31.70,29.14,"8,463","Dec 28, 2010"
27-12-2010,33.45,33.45,31.30,32.20,29.60,"3,290","Dec 27, 2010"
24-12-2010,32.20,32.50,31.50,32.15,29.55,"1,758","Dec 24, 2010"
23-12-2010,33.30,33.30,31.50,31.60,29.05,"4,024","Dec 23, 2010"
22-12-2010,32.25,33.25,32.05,32.45,29.83,"1,706","Dec 22, 2010"
21-12-2010,33.20,33.30,32.00,32.10,29.51,"2,412","Dec 21, 2010"
20-12-2010,33.20,33.25,31.20,31.95,29.37,"2,126","Dec 20, 2010"
16-12-2010,33.20,33.20,31.05,32.50,29.87,"1,026","Dec 16, 2010"
15-12-2010,33.90,33.90,31.60,32.05,29.46,732,"Dec 15, 2010"
14-12-2010,34.45,34.45,32.85,32.85,30.20,"2,302","Dec 14, 2010"
13-12-2010,33.00,33.10,31.00,32.90,30.24,"3,054","Dec 13, 2010"
10-12-2010,29.65,32.50,29.40,32.45,29.83,"6,867","Dec 10, 2010"
09-12-2010,33.75,33.75,30.95,30.95,28.45,"1,743","Dec 09, 2010"
08-12-2010,35.50,35.50,32.50,32.55,29.92,"9,651","Dec 08, 2010"
07-12-2010,35.30,35.30,33.85,33.90,31.16,975,"Dec 07, 2010"
06-12-2010,36.50,36.95,34.20,35.05,32.22,"4,654","Dec 06, 2010"
03-12-2010,39.00,39.00,35.75,35.85,32.95,"10,829","Dec 03, 2010"
02-12-2010,38.35,38.50,37.55,37.60,34.56,"2,001","Dec 02, 2010"
01-12-2010,36.25,37.75,36.25,37.00,34.01,"1,379","Dec 01, 2010"
30-11-2010,35.45,36.25,35.45,36.20,33.28,176,"Nov 30, 2010"
29-11-2010,35.00,37.55,34.45,34.75,31.94,"9,372","Nov 29, 2010"
26-11-2010,37.00,38.75,36.25,36.25,33.32,"1,935","Nov 26, 2010"
25-11-2010,38.70,39.20,37.65,38.15,35.07,"3,381","Nov 25, 2010"
24-11-2010,37.20,37.70,34.80,37.30,34.29,"5,214","Nov 24, 2010"
23-11-2010,36.50,37.00,35.35,35.90,33.00,"3,380","Nov 23, 2010"
22-11-2010,37.00,37.70,36.90,37.20,34.19,"2,725","Nov 22, 2010"
19-11-2010,36.50,38.80,36.15,38.80,35.67,"3,806","Nov 19, 2010"
18-11-2010,38.55,38.85,37.70,37.80,34.75,"4,636","Nov 18, 2010"
16-11-2010,40.50,41.00,39.65,39.65,36.45,"6,601","Nov 16, 2010"
15-11-2010,43.00,44.00,41.70,41.70,38.33,"2,412","Nov 15, 2010"
12-11-2010,47.70,47.70,43.85,43.85,40.31,"7,912","Nov 12, 2010"
11-11-2010,45.00,47.05,45.00,46.15,42.42,"69,358","Nov 11, 2010"
10-11-2010,42.00,44.80,41.40,44.80,41.18,"50,559","Nov 10, 2010"
09-11-2010,40.50,43.05,39.55,42.65,39.20,"44,952","Nov 09, 2010"
08-11-2010,40.75,41.20,39.50,41.00,37.69,"13,137","Nov 08, 2010"
04-11-2010,39.25,39.45,38.25,39.35,36.17,"14,887","Nov 04, 2010"
03-11-2010,36.95,37.55,36.50,37.55,34.52,"60,136","Nov 03, 2010"
02-11-2010,36.70,37.60,35.75,35.75,32.86,"70,458","Nov 02, 2010"
01-11-2010,35.50,37.75,34.75,37.00,34.01,"122,658","Nov 01, 2010"
29-10-2010,34.75,37.20,34.15,35.95,33.05,"37,608","Oct 29, 2010"
28-10-2010,34.40,35.40,34.40,35.40,32.54,"1,090","Oct 28, 2010"
27-10-2010,35.85,36.65,35.35,35.45,32.59,"1,585","Oct 27, 2010"
26-10-2010,36.80,36.95,35.95,36.10,33.18,"1,071","Oct 26, 2010"
25-10-2010,36.20,36.25,36.10,36.15,33.23,"1,251","Oct 25, 2010"
22-10-2010,36.10,36.50,35.90,36.40,33.46,"4,870","Oct 22, 2010"
21-10-2010,36.70,36.70,36.00,36.10,33.18,"5,135","Oct 21, 2010"
20-10-2010,36.65,37.50,36.65,36.75,33.78,"1,580","Oct 20, 2010"
19-10-2010,37.10,37.50,36.15,37.50,34.47,"20,681","Oct 19, 2010"
18-10-2010,37.75,38.85,36.50,38.05,34.98,"7,390","Oct 18, 2010"
15-10-2010,38.00,38.00,37.20,37.25,34.24,"5,300","Oct 15, 2010"
14-10-2010,36.90,38.25,36.80,37.05,34.06,"8,134","Oct 14, 2010"
13-10-2010,37.35,38.00,36.65,36.90,33.92,"3,534","Oct 13, 2010"
12-10-2010,37.00,38.00,37.00,37.00,34.01,"1,850","Oct 12, 2010"
11-10-2010,38.35,38.50,37.50,38.05,34.98,"6,530","Oct 11, 2010"
08-10-2010,39.45,39.45,36.70,37.70,34.65,"11,118","Oct 08, 2010"
07-10-2010,37.00,38.45,37.00,37.75,34.70,"10,774","Oct 07, 2010"
06-10-2010,37.05,38.85,36.40,36.90,33.92,"5,509","Oct 06, 2010"
05-10-2010,36.50,37.90,36.30,37.00,34.01,"2,676","Oct 05, 2010"
04-10-2010,37.00,38.20,36.10,38.20,35.11,718,"Oct 04, 2010"
01-10-2010,37.75,37.90,36.00,36.75,33.78,"8,261","Oct 01, 2010"
30-09-2010,37.00,37.75,36.50,37.65,34.61,"2,809","Sep 30, 2010"
29-09-2010,37.05,38.00,37.05,37.40,34.38,"3,332","Sep 29, 2010"
28-09-2010,39.00,39.05,37.80,38.60,35.48,"7,213","Sep 28, 2010"
27-09-2010,39.90,40.50,37.50,39.00,35.85,"9,777","Sep 27, 2010"
24-09-2010,37.90,39.00,37.55,38.90,35.76,"15,384","Sep 24, 2010"
23-09-2010,39.35,39.35,37.00,37.10,34.10,"3,449","Sep 23, 2010"
22-09-2010,38.00,39.15,37.10,38.25,35.16,"2,680","Sep 22, 2010"
21-09-2010,39.85,39.85,37.75,38.00,34.93,"6,430","Sep 21, 2010"
20-09-2010,38.85,39.95,38.50,39.00,35.85,"4,821","Sep 20, 2010"
17-09-2010,39.55,39.55,38.55,38.90,35.76,"8,425","Sep 17, 2010"
17-09-2010,0.459935 Dividend,,,,,,"Sep 17, 2010"
16-09-2010,39.50,40.80,39.50,39.55,35.93,"3,121","Sep 16, 2010"
15-09-2010,38.55,40.40,38.55,39.50,35.89,"17,816","Sep 15, 2010"
14-09-2010,39.00,39.70,38.00,38.50,34.98,"16,437","Sep 14, 2010"
13-09-2010,40.45,40.45,38.75,39.05,35.48,"20,060","Sep 13, 2010"
09-09-2010,39.20,40.45,39.05,40.00,36.34,"62,058","Sep 09, 2010"
08-09-2010,37.55,39.30,37.55,38.50,34.98,"2,668","Sep 08, 2010"
07-09-2010,38.15,38.50,37.50,38.00,34.52,"3,438","Sep 07, 2010"
06-09-2010,37.50,39.00,37.50,38.75,35.21,"3,494","Sep 06, 2010"
03-09-2010,37.35,39.65,37.35,38.00,34.52,"2,472","Sep 03, 2010"
02-09-2010,37.80,39.00,37.80,38.70,35.16,"3,205","Sep 02, 2010"
01-09-2010,37.10,39.30,37.10,39.20,35.61,"5,986","Sep 01, 2010"
31-08-2010,37.40,37.80,37.10,37.40,33.98,"4,262","Aug 31, 2010"
30-08-2010,38.00,38.85,37.40,38.50,34.98,"5,421","Aug 30, 2010"
27-08-2010,38.80,38.80,36.65,37.10,33.71,"7,586","Aug 27, 2010"
26-08-2010,39.60,40.00,38.10,38.10,34.61,"11,583","Aug 26, 2010"
25-08-2010,40.95,40.95,38.10,38.10,34.61,"10,476","Aug 25, 2010"
24-08-2010,38.75,39.80,37.20,39.15,35.57,"7,981","Aug 24, 2010"
23-08-2010,39.35,39.35,37.80,38.75,35.21,"6,672","Aug 23, 2010"
20-08-2010,39.80,40.00,38.40,39.20,35.61,"3,711","Aug 20, 2010"
19-08-2010,39.70,40.60,39.30,39.45,35.84,"9,824","Aug 19, 2010"
18-08-2010,40.70,41.00,39.60,39.70,36.07,"22,416","Aug 18, 2010"
17-08-2010,41.00,42.00,39.50,39.95,36.30,"15,671","Aug 17, 2010"
16-08-2010,40.00,43.50,40.00,41.95,38.11,"51,585","Aug 16, 2010"
13-08-2010,42.45,42.45,40.30,40.50,36.80,"23,055","Aug 13, 2010"
12-08-2010,41.50,42.15,40.55,41.05,37.29,"19,848","Aug 12, 2010"
11-08-2010,42.00,43.40,41.50,41.70,37.89,"26,420","Aug 11, 2010"
10-08-2010,44.00,44.40,41.90,42.50,38.61,"46,398","Aug 10, 2010"
09-08-2010,41.75,43.50,39.40,43.25,39.29,"144,221","Aug 09, 2010"
06-08-2010,39.20,41.45,39.20,39.95,36.30,"27,247","Aug 06, 2010"
05-08-2010,41.45,41.45,39.55,39.85,36.20,"19,652","Aug 05, 2010"
04-08-2010,41.00,41.50,39.50,39.95,36.30,"21,769","Aug 04, 2010"
03-08-2010,42.10,42.65,40.60,40.90,37.16,"35,965","Aug 03, 2010"
02-08-2010,39.60,42.70,39.60,41.30,37.52,"165,285","Aug 02, 2010"
30-07-2010,39.25,40.75,38.60,39.20,35.61,"22,121","Jul 30, 2010"
29-07-2010,39.00,40.60,39.00,39.55,35.93,"16,422","Jul 29, 2010"
28-07-2010,40.50,41.25,39.75,40.60,36.89,"35,479","Jul 28, 2010"
27-07-2010,39.75,42.50,39.75,40.40,36.70,"80,408","Jul 27, 2010"
26-07-2010,37.00,41.90,37.00,39.95,36.30,"68,759","Jul 26, 2010"
23-07-2010,41.50,41.60,39.30,39.70,36.07,"126,364","Jul 23, 2010"
22-07-2010,40.90,42.30,38.65,41.80,37.98,"211,634","Jul 22, 2010"
21-07-2010,40.45,41.00,39.20,39.60,35.98,"25,499","Jul 21, 2010"
20-07-2010,40.85,42.60,39.40,39.45,35.84,"28,632","Jul 20, 2010"
19-07-2010,39.00,42.50,37.85,41.75,37.93,"254,653","Jul 19, 2010"
16-07-2010,36.55,40.50,36.55,38.65,35.11,"162,101","Jul 16, 2010"
15-07-2010,38.30,38.30,36.50,36.75,33.39,"52,594","Jul 15, 2010"
14-07-2010,35.25,38.65,35.25,37.05,33.66,"35,888","Jul 14, 2010"
13-07-2010,35.10,36.95,34.90,36.10,32.80,"15,997","Jul 13, 2010"
12-07-2010,37.00,37.00,35.10,35.60,32.34,"26,636","Jul 12, 2010"
09-07-2010,39.00,39.65,36.15,37.70,34.25,"207,696","Jul 09, 2010"
08-07-2010,31.00,37.10,31.00,37.10,33.71,"469,948","Jul 08, 2010"
07-07-2010,30.95,31.00,30.30,30.90,28.07,"3,551","Jul 07, 2010"
06-07-2010,30.45,31.35,30.45,30.90,28.07,"4,422","Jul 06, 2010"
05-07-2010,30.25,30.75,30.25,30.45,27.66,285,"Jul 05, 2010"
02-07-2010,30.30,31.50,30.30,30.90,28.07,"22,276","Jul 02, 2010"
01-07-2010,30.35,31.80,29.60,30.10,27.35,"23,344","Jul 01, 2010"
30-06-2010,31.50,31.50,30.10,30.70,27.89,"1,924","Jun 30, 2010"
29-06-2010,31.00,31.00,30.15,30.65,27.85,"5,796","Jun 29, 2010"
28-06-2010,30.30,31.75,30.30,30.50,27.71,"7,483","Jun 28, 2010"
25-06-2010,30.35,31.75,30.05,30.55,27.76,"10,357","Jun 25, 2010"
24-06-2010,27.00,31.40,27.00,31.00,28.16,"8,127","Jun 24, 2010"
23-06-2010,30.90,30.95,29.80,29.85,27.12,"6,425","Jun 23, 2010"
22-06-2010,30.85,30.85,30.00,30.05,27.30,"5,704","Jun 22, 2010"
21-06-2010,30.50,31.80,30.50,31.20,28.35,"7,351","Jun 21, 2010"
18-06-2010,31.55,32.40,30.70,30.90,28.07,"7,625","Jun 18, 2010"
17-06-2010,30.00,32.90,29.50,31.00,28.16,"41,306","Jun 17, 2010"
16-06-2010,30.40,30.40,29.55,29.85,27.12,"19,008","Jun 16, 2010"
15-06-2010,30.00,30.70,29.75,30.00,27.26,"3,955","Jun 15, 2010"
14-06-2010,30.30,31.00,29.70,29.95,27.21,"7,662","Jun 14, 2010"
11-06-2010,31.00,31.10,29.85,30.00,27.26,"7,873","Jun 11, 2010"
10-06-2010,29.95,31.25,29.95,30.95,28.12,"12,049","Jun 10, 2010"
09-06-2010,30.95,31.20,29.75,30.00,27.26,"12,571","Jun 09, 2010"
08-06-2010,29.85,33.00,29.55,30.05,27.30,"27,538","Jun 08, 2010"
07-06-2010,28.75,29.50,28.75,29.15,26.48,"5,754","Jun 07, 2010"
04-06-2010,29.45,30.00,28.15,29.10,26.44,"10,395","Jun 04, 2010"
03-06-2010,30.05,30.05,29.00,29.50,26.80,"5,374","Jun 03, 2010"
02-06-2010,31.25,31.25,28.25,29.80,27.07,"5,425","Jun 02, 2010"
01-06-2010,31.00,32.00,29.60,30.50,27.71,"3,873","Jun 01, 2010"
31-05-2010,31.00,31.40,29.70,30.60,27.80,"1,401","May 31, 2010"
28-05-2010,30.00,31.00,29.75,30.85,28.03,"1,725","May 28, 2010"
27-05-2010,29.20,29.90,29.10,29.80,27.07,"1,400","May 27, 2010"
26-05-2010,29.90,30.50,29.25,29.35,26.67,"2,829","May 26, 2010"
25-05-2010,28.30,29.60,28.30,29.55,26.85,644,"May 25, 2010"
24-05-2010,30.70,30.70,28.20,29.30,26.62,"2,282","May 24, 2010"
21-05-2010,29.95,30.20,29.00,29.20,26.53,"15,339","May 21, 2010"
20-05-2010,31.50,31.50,30.10,30.35,27.57,"5,856","May 20, 2010"
19-05-2010,30.30,32.00,29.70,29.85,27.12,"45,114","May 19, 2010"
18-05-2010,32.80,32.80,31.00,31.15,28.30,"37,288","May 18, 2010"
17-05-2010,32.75,32.75,31.10,32.10,29.16,"1,963","May 17, 2010"
14-05-2010,33.20,33.65,32.65,32.65,29.66,"2,055","May 14, 2010"
13-05-2010,34.00,35.00,32.95,33.25,30.21,"18,221","May 13, 2010"
12-05-2010,32.90,34.05,32.70,33.95,30.84,"14,532","May 12, 2010"
11-05-2010,34.20,34.25,33.00,33.00,29.98,"4,929","May 11, 2010"
10-05-2010,34.30,34.30,33.25,33.45,30.39,"9,516","May 10, 2010"
07-05-2010,35.00,35.00,32.80,33.60,30.53,"8,118","May 07, 2010"
06-05-2010,34.30,34.95,33.30,33.70,30.62,"9,611","May 06, 2010"
05-05-2010,34.50,35.00,33.70,34.25,31.12,"17,578","May 05, 2010"
04-05-2010,37.30,37.50,35.00,35.05,31.84,"10,837","May 04, 2010"
03-05-2010,36.90,36.90,35.60,35.95,32.66,"5,544","May 03, 2010"
30-04-2010,36.20,37.40,36.20,36.60,33.25,"7,922","Apr 30, 2010"
29-04-2010,36.80,37.40,35.70,36.20,32.89,"8,016","Apr 29, 2010"
28-04-2010,36.65,37.15,35.00,35.85,32.57,"12,133","Apr 28, 2010"
27-04-2010,38.30,39.00,37.00,37.25,33.84,"9,258","Apr 27, 2010"
26-04-2010,38.90,39.80,37.70,38.15,34.66,"7,899","Apr 26, 2010"
23-04-2010,37.50,38.40,37.50,38.00,34.52,"4,845","Apr 23, 2010"
22-04-2010,40.00,40.00,37.65,38.30,34.80,"20,370","Apr 22, 2010"
21-04-2010,39.50,41.00,38.80,39.70,36.07,"67,533","Apr 21, 2010"
20-04-2010,37.85,40.50,36.65,39.25,35.66,"166,304","Apr 20, 2010"
19-04-2010,36.45,37.90,35.15,37.60,34.16,"22,707","Apr 19, 2010"
16-04-2010,35.65,37.50,34.95,36.45,33.12,"12,375","Apr 16, 2010"
15-04-2010,36.90,38.40,35.60,35.85,32.57,"30,150","Apr 15, 2010"
13-04-2010,35.25,35.80,35.25,35.50,32.25,"4,932","Apr 13, 2010"
12-04-2010,35.10,35.50,34.75,34.95,31.75,"7,001","Apr 12, 2010"
09-04-2010,37.30,37.30,34.55,34.75,31.57,"18,061","Apr 09, 2010"
08-04-2010,35.20,35.95,34.35,34.65,31.48,"11,723","Apr 08, 2010"
07-04-2010,36.45,36.45,34.55,34.65,31.48,"27,392","Apr 07, 2010"
06-04-2010,35.60,37.00,34.80,35.30,32.07,"30,136","Apr 06, 2010"
05-04-2010,36.70,38.95,35.80,36.50,33.16,"18,415","Apr 05, 2010"
01-04-2010,38.00,38.45,36.10,36.65,33.30,"28,394","Apr 01, 2010"
31-03-2010,36.95,37.85,34.50,37.60,34.16,"80,432","Mar 31, 2010"
30-03-2010,32.05,34.40,32.00,34.40,31.25,"55,411","Mar 30, 2010"
29-03-2010,32.60,34.00,30.60,31.25,28.39,"37,652","Mar 29, 2010"
26-03-2010,30.65,31.90,30.60,31.00,28.16,"9,508","Mar 26, 2010"
25-03-2010,30.00,32.80,30.00,31.15,28.30,"6,599","Mar 25, 2010"
23-03-2010,29.30,31.60,29.30,30.90,28.07,"5,600","Mar 23, 2010"
22-03-2010,31.05,32.40,30.25,30.40,27.62,"2,128","Mar 22, 2010"
19-03-2010,33.25,34.20,32.25,32.30,29.35,"2,313","Mar 19, 2010"
18-03-2010,31.25,34.40,31.25,33.45,30.39,"62,110","Mar 18, 2010"
17-03-2010,29.60,31.95,29.60,31.25,28.39,"4,763","Mar 17, 2010"
16-03-2010,30.00,31.00,30.00,30.50,27.71,"1,413","Mar 16, 2010"
15-03-2010,31.90,32.75,30.05,30.40,27.62,"3,624","Mar 15, 2010"
12-03-2010,30.60,32.65,30.60,31.90,28.98,"1,138","Mar 12, 2010"
11-03-2010,29.35,32.05,29.30,31.40,28.53,"3,658","Mar 11, 2010"
10-03-2010,30.60,32.85,30.55,31.00,28.16,"5,301","Mar 10, 2010"
09-03-2010,33.10,33.95,31.35,31.70,28.80,"4,742","Mar 09, 2010"
08-03-2010,32.00,34.80,32.00,33.00,29.98,"7,930","Mar 08, 2010"
05-03-2010,33.15,33.20,31.85,32.00,29.07,"10,500","Mar 05, 2010"
04-03-2010,31.30,32.75,30.70,32.25,29.30,"1,896","Mar 04, 2010"
03-03-2010,32.05,32.50,31.65,32.25,29.30,"3,762","Mar 03, 2010"
02-03-2010,30.80,30.95,30.65,30.95,28.12,680,"Mar 02, 2010"
26-02-2010,27.20,29.45,27.20,29.45,26.76,"1,026","Feb 26, 2010"
25-02-2010,28.45,29.90,27.65,28.05,25.48,"14,160","Feb 25, 2010"
24-02-2010,28.60,29.50,28.05,28.80,26.17,"1,324","Feb 24, 2010"
23-02-2010,30.00,30.00,28.95,29.00,26.35,"7,858","Feb 23, 2010"
22-02-2010,32.75,32.75,30.00,30.10,27.35,"11,286","Feb 22, 2010"
19-02-2010,30.80,33.20,30.75,31.55,28.66,"4,940","Feb 19, 2010"
18-02-2010,31.75,32.95,31.70,32.20,29.25,"1,286","Feb 18, 2010"
17-02-2010,33.20,33.40,32.30,32.85,29.84,"13,744","Feb 17, 2010"
16-02-2010,31.10,32.50,31.10,32.00,29.07,"6,758","Feb 16, 2010"
15-02-2010,32.00,33.20,31.00,31.20,28.35,"4,678","Feb 15, 2010"
11-02-2010,31.30,32.00,30.75,31.95,29.03,"1,430","Feb 11, 2010"
10-02-2010,33.00,33.00,30.45,30.45,27.66,"2,217","Feb 10, 2010"
09-02-2010,32.75,32.85,31.50,31.60,28.71,862,"Feb 09, 2010"
08-02-2010,33.40,33.40,31.15,31.25,28.39,"8,851","Feb 08, 2010"
06-02-2010,-,-,-,-,-,-,"Feb 06, 2010"
05-02-2010,33.00,34.00,33.00,33.00,29.98,"16,718","Feb 05, 2010"
04-02-2010,35.00,36.20,34.70,34.70,31.53,936,"Feb 04, 2010"
03-02-2010,36.00,37.65,35.65,35.75,32.48,"3,151","Feb 03, 2010"
02-02-2010,36.70,38.50,36.70,37.50,34.07,"18,457","Feb 02, 2010"
01-02-2010,33.35,36.70,33.35,36.70,33.34,"4,502","Feb 01, 2010"
29-01-2010,33.65,36.00,33.65,34.95,31.75,"8,962","Jan 29, 2010"
28-01-2010,35.55,36.75,35.40,35.40,32.16,"3,981","Jan 28, 2010"
27-01-2010,38.00,38.00,37.25,37.25,33.84,750,"Jan 27, 2010"
25-01-2010,39.20,39.20,39.20,39.20,35.61,500,"Jan 25, 2010"
22-01-2010,42.90,43.00,41.25,41.25,37.48,"3,975","Jan 22, 2010"
21-01-2010,40.65,48.00,40.50,43.40,39.43,"283,216","Jan 21, 2010"
20-01-2010,42.70,42.70,39.90,40.70,36.98,"43,986","Jan 20, 2010"
19-01-2010,43.55,44.15,40.70,41.15,37.39,"30,615","Jan 19, 2010"
18-01-2010,40.55,46.00,39.55,42.40,38.52,"179,849","Jan 18, 2010"
15-01-2010,40.00,44.05,36.60,40.50,36.80,"143,960","Jan 15, 2010"
14-01-2010,38.00,40.50,38.00,39.65,36.02,"34,876","Jan 14, 2010"
13-01-2010,36.30,39.00,36.25,38.35,34.84,"25,696","Jan 13, 2010"
12-01-2010,40.05,40.65,35.65,36.70,33.34,"30,177","Jan 12, 2010"
11-01-2010,39.00,42.90,37.75,40.45,36.75,"149,503","Jan 11, 2010"
08-01-2010,35.35,41.00,35.35,38.50,34.98,"400,768","Jan 08, 2010"
07-01-2010,34.00,36.70,34.00,35.00,31.80,"14,449","Jan 07, 2010"
06-01-2010,35.40,37.50,34.05,34.75,31.57,"59,637","Jan 06, 2010"
05-01-2010,36.95,38.00,34.00,34.60,31.43,"188,008","Jan 05, 2010"
04-01-2010,30.00,34.40,30.00,34.40,31.25,"103,538","Jan 04, 2010"
31-12-2009,31.65,31.65,28.45,28.65,26.03,"9,710","Dec 31, 2009"
30-12-2009,28.00,28.90,28.00,28.30,25.71,"6,032","Dec 30, 2009"
29-12-2009,29.50,29.50,27.05,28.05,25.48,"4,117","Dec 29, 2009"
24-12-2009,32.75,32.75,27.45,28.35,25.76,"6,397","Dec 24, 2009"
23-12-2009,27.60,27.75,27.30,27.30,24.80,"4,297","Dec 23, 2009"
22-12-2009,27.00,27.95,27.00,27.40,24.89,"4,142","Dec 22, 2009"
21-12-2009,29.55,29.55,26.00,26.65,24.21,"3,479","Dec 21, 2009"
18-12-2009,29.20,29.20,27.00,27.15,24.67,"1,319","Dec 18, 2009"
17-12-2009,28.90,28.90,27.00,27.30,24.80,"1,935","Dec 17, 2009"
16-12-2009,27.60,28.40,27.40,27.90,25.35,795,"Dec 16, 2009"
15-12-2009,29.00,29.00,28.10,28.10,25.53,"2,233","Dec 15, 2009"
14-12-2009,29.45,29.45,27.50,27.95,25.39,"5,825","Dec 14, 2009"
11-12-2009,30.00,30.00,28.00,28.30,25.71,"5,516","Dec 11, 2009"
10-12-2009,29.20,29.65,29.00,29.10,26.44,"9,429","Dec 10, 2009"
09-12-2009,29.00,29.25,28.00,28.80,26.17,"18,911","Dec 09, 2009"
08-12-2009,27.10,28.70,27.10,28.45,25.85,"12,169","Dec 08, 2009"
07-12-2009,25.55,28.50,25.15,27.60,25.08,"5,330","Dec 07, 2009"
04-12-2009,27.35,28.50,26.50,27.40,24.89,"7,084","Dec 04, 2009"
03-12-2009,26.60,29.50,26.25,27.45,24.94,"56,197","Dec 03, 2009"
02-12-2009,26.20,26.80,26.00,26.10,23.71,"5,869","Dec 02, 2009"
01-12-2009,26.05,26.85,25.80,26.40,23.98,"2,728","Dec 01, 2009"
30-11-2009,28.05,28.05,25.45,25.80,23.44,"2,400","Nov 30, 2009"
27-11-2009,25.80,25.80,25.00,25.30,22.99,"5,832","Nov 27, 2009"
26-11-2009,26.80,27.25,26.05,26.35,23.94,"3,766","Nov 26, 2009"
25-11-2009,28.00,28.30,26.50,26.75,24.30,"4,455","Nov 25, 2009"
24-11-2009,28.20,28.50,27.30,27.40,24.89,"4,321","Nov 24, 2009"
23-11-2009,27.80,29.85,27.15,28.60,25.98,"18,435","Nov 23, 2009"
20-11-2009,27.25,27.75,26.50,27.00,24.53,"2,300","Nov 20, 2009"
19-11-2009,27.25,27.25,26.50,27.00,24.53,546,"Nov 19, 2009"
18-11-2009,27.80,27.80,26.75,27.20,24.71,"3,400","Nov 18, 2009"
17-11-2009,29.40,29.40,26.00,27.05,24.58,"6,200","Nov 17, 2009"
16-11-2009,27.10,27.40,27.00,27.35,24.85,"3,000","Nov 16, 2009"
13-11-2009,27.05,28.00,27.05,27.50,24.98,"1,200","Nov 13, 2009"
12-11-2009,26.95,27.95,26.50,27.00,24.53,"5,300","Nov 12, 2009"
11-11-2009,27.00,27.40,26.60,27.25,24.76,"3,900","Nov 11, 2009"
10-11-2009,27.90,28.00,27.00,27.00,24.53,"2,500","Nov 10, 2009"
09-11-2009,27.95,29.00,27.05,28.10,25.53,"4,472","Nov 09, 2009"
06-11-2009,24.75,29.40,24.75,27.90,25.35,"25,046","Nov 06, 2009"
05-11-2009,27.35,27.35,25.25,26.35,23.94,"5,897","Nov 05, 2009"
04-11-2009,24.05,26.60,24.05,25.65,23.30,"4,426","Nov 04, 2009"
03-11-2009,25.00,25.10,24.10,24.65,22.40,"4,500","Nov 03, 2009"
30-10-2009,25.00,25.80,24.75,24.90,22.62,"3,400","Oct 30, 2009"
29-10-2009,24.25,27.30,24.25,25.95,23.58,"3,071","Oct 29, 2009"
28-10-2009,24.60,26.15,24.60,26.10,23.71,"7,400","Oct 28, 2009"
27-10-2009,27.85,27.85,25.80,25.80,23.44,"4,900","Oct 27, 2009"
26-10-2009,27.45,28.00,27.00,27.15,24.67,"2,390","Oct 26, 2009"
23-10-2009,28.25,28.50,27.15,27.45,24.94,"6,908","Oct 23, 2009"
22-10-2009,28.85,29.30,27.50,27.90,25.35,"10,583","Oct 22, 2009"
21-10-2009,27.95,31.00,27.95,29.00,26.35,"108,924","Oct 21, 2009"
20-10-2009,27.20,28.50,27.00,27.15,24.67,"3,889","Oct 20, 2009"
16-10-2009,28.90,28.90,27.30,27.90,25.35,"4,757","Oct 16, 2009"
15-10-2009,26.95,28.30,26.35,28.20,25.62,"9,100","Oct 15, 2009"
14-10-2009,26.75,26.80,26.25,26.50,24.08,"34,200","Oct 14, 2009"
13-10-2009,26.80,26.80,26.80,26.80,24.35,-,"Oct 13, 2009"
12-10-2009,26.40,27.25,26.40,26.80,24.35,"2,696","Oct 12, 2009"
09-10-2009,27.30,27.50,26.10,26.35,23.94,"8,675","Oct 09, 2009"
08-10-2009,29.80,29.80,26.00,28.00,25.44,"3,500","Oct 08, 2009"
07-10-2009,27.00,28.50,26.95,27.15,24.67,"5,986","Oct 07, 2009"
06-10-2009,28.00,28.00,26.90,27.05,24.58,"2,881","Oct 06, 2009"
05-10-2009,29.00,29.15,27.80,28.00,25.44,"3,878","Oct 05, 2009"
01-10-2009,30.50,31.60,29.00,29.55,26.85,"31,289","Oct 01, 2009"
30-09-2009,26.00,30.15,26.00,29.55,26.85,"33,762","Sep 30, 2009"
29-09-2009,27.80,28.60,27.50,27.60,25.08,"8,789","Sep 29, 2009"
25-09-2009,27.30,28.00,26.55,27.40,24.89,"6,080","Sep 25, 2009"
24-09-2009,27.75,27.75,26.75,27.60,25.08,"7,867","Sep 24, 2009"
23-09-2009,28.50,28.65,27.50,28.15,25.57,"5,923","Sep 23, 2009"
22-09-2009,28.00,29.95,27.10,28.90,26.26,"31,534","Sep 22, 2009"
18-09-2009,27.30,28.05,27.00,27.10,24.62,"4,298","Sep 18, 2009"
17-09-2009,28.00,28.45,27.25,27.70,25.17,"14,956","Sep 17, 2009"
17-09-2009,0.459935 Dividend,,,,,,"Sep 17, 2009"
16-09-2009,29.50,29.50,27.15,27.55,24.61,"7,358","Sep 16, 2009"
15-09-2009,31.90,31.90,27.60,27.95,24.97,"8,190","Sep 15, 2009"
14-09-2009,28.50,28.50,27.35,28.05,25.06,"1,754","Sep 14, 2009"
11-09-2009,28.00,28.80,27.25,27.85,24.88,"4,500","Sep 11, 2009"
10-09-2009,30.25,30.25,27.15,27.35,24.43,"13,058","Sep 10, 2009"
09-09-2009,28.25,30.45,27.10,28.70,25.64,"15,580","Sep 09, 2009"
08-09-2009,34.75,34.75,28.20,28.20,25.19,"7,300","Sep 08, 2009"
07-09-2009,27.95,29.50,27.80,28.95,25.86,"14,661","Sep 07, 2009"
04-09-2009,27.10,28.00,27.00,27.25,24.34,"5,767","Sep 04, 2009"
03-09-2009,28.75,29.00,27.10,27.45,24.52,"10,829","Sep 03, 2009"
02-09-2009,29.75,29.75,27.20,27.95,24.97,"12,786","Sep 02, 2009"
01-09-2009,28.00,32.40,28.00,28.90,25.82,"58,707","Sep 01, 2009"
31-08-2009,28.50,28.50,26.65,27.95,24.97,"5,390","Aug 31, 2009"
28-08-2009,28.25,29.20,27.30,27.55,24.61,"12,841","Aug 28, 2009"
27-08-2009,28.35,28.95,27.40,28.25,25.24,"9,200","Aug 27, 2009"
26-08-2009,25.80,28.25,25.40,28.05,25.06,"16,627","Aug 26, 2009"
25-08-2009,26.65,27.50,26.00,26.45,23.63,"5,100","Aug 25, 2009"
24-08-2009,26.95,27.25,25.45,26.60,23.76,"13,724","Aug 24, 2009"
21-08-2009,27.00,27.00,25.30,26.10,23.32,"6,533","Aug 21, 2009"
20-08-2009,26.20,28.00,26.15,27.40,24.48,"15,893","Aug 20, 2009"
19-08-2009,30.50,30.50,26.35,27.35,24.43,"25,650","Aug 19, 2009"
18-08-2009,21.20,27.10,21.20,26.30,23.50,"17,898","Aug 18, 2009"
17-08-2009,23.45,24.45,22.25,22.55,20.15,"8,895","Aug 17, 2009"
14-08-2009,23.40,24.30,23.00,23.40,20.90,"6,275","Aug 14, 2009"
13-08-2009,23.50,24.20,23.20,23.35,20.86,"2,760","Aug 13, 2009"
12-08-2009,25.85,25.85,22.60,23.20,20.73,"4,124","Aug 12, 2009"
11-08-2009,23.30,23.30,22.75,22.80,20.37,"7,100","Aug 11, 2009"
10-08-2009,24.20,24.45,23.70,23.75,21.22,"7,225","Aug 10, 2009"
07-08-2009,25.45,25.45,24.00,25.15,22.47,"5,062","Aug 07, 2009"
06-08-2009,26.95,26.95,22.70,23.25,20.77,"9,507","Aug 06, 2009"
05-08-2009,25.20,25.20,24.20,24.80,22.16,"1,000","Aug 05, 2009"
04-08-2009,23.95,26.00,23.95,24.90,22.24,"2,500","Aug 04, 2009"
03-08-2009,24.95,24.95,24.95,24.95,22.29,500,"Aug 03, 2009"
31-07-2009,25.95,26.00,25.15,25.40,22.69,"3,562","Jul 31, 2009"
30-07-2009,24.00,26.95,24.00,25.85,23.09,"3,634","Jul 30, 2009"
29-07-2009,24.30,26.50,24.10,24.75,22.11,"2,317","Jul 29, 2009"
28-07-2009,24.55,25.50,24.55,24.65,22.02,"1,400","Jul 28, 2009"
27-07-2009,24.10,25.10,24.10,24.55,21.93,"2,100","Jul 27, 2009"
24-07-2009,24.95,25.00,23.90,24.15,21.57,"1,666","Jul 24, 2009"
23-07-2009,23.30,24.00,23.00,23.40,20.90,"1,600","Jul 23, 2009"
22-07-2009,26.60,26.60,23.00,23.60,21.08,"3,960","Jul 22, 2009"
21-07-2009,23.25,25.05,23.25,24.60,21.98,"3,771","Jul 21, 2009"
20-07-2009,22.60,26.70,22.60,23.60,21.08,"10,393","Jul 20, 2009"
17-07-2009,23.35,23.35,22.15,22.55,20.15,"5,795","Jul 17, 2009"
16-07-2009,24.00,24.00,22.00,22.10,19.74,"4,766","Jul 16, 2009"
15-07-2009,25.00,25.00,21.55,22.90,20.46,"17,090","Jul 15, 2009"
14-07-2009,21.55,22.40,20.05,21.55,19.25,"3,369","Jul 14, 2009"
13-07-2009,21.75,23.95,21.00,21.25,18.98,"1,992","Jul 13, 2009"
10-07-2009,23.00,23.00,21.00,22.05,19.70,"4,232","Jul 10, 2009"
09-07-2009,21.35,23.00,21.30,23.00,20.55,"1,900","Jul 09, 2009"
08-07-2009,23.90,24.80,22.50,22.55,20.15,"5,000","Jul 08, 2009"
07-07-2009,23.50,25.75,23.50,23.80,21.26,"3,991","Jul 07, 2009"
06-07-2009,25.10,25.80,23.50,23.65,21.13,"3,548","Jul 06, 2009"
03-07-2009,25.05,26.40,24.50,24.95,22.29,"4,206","Jul 03, 2009"
02-07-2009,25.00,26.00,24.15,25.50,22.78,"2,700","Jul 02, 2009"
01-07-2009,25.75,26.55,24.75,25.40,22.69,900,"Jul 01, 2009"
30-06-2009,27.60,28.00,24.70,25.65,22.91,"65,054","Jun 30, 2009"
29-06-2009,25.00,27.80,25.00,27.10,24.21,"78,667","Jun 29, 2009"
26-06-2009,24.10,26.20,24.10,25.40,22.69,"3,000","Jun 26, 2009"
25-06-2009,25.10,25.10,24.05,24.45,21.84,"2,902","Jun 25, 2009"
24-06-2009,24.30,25.65,24.30,24.65,22.02,"2,306","Jun 24, 2009"
23-06-2009,23.75,24.90,23.75,24.25,21.66,500,"Jun 23, 2009"
22-06-2009,26.75,26.75,25.00,25.10,22.42,"2,100","Jun 22, 2009"
19-06-2009,24.05,25.00,24.00,24.40,21.80,"3,979","Jun 19, 2009"
18-06-2009,25.00,25.65,24.00,24.30,21.71,"22,961","Jun 18, 2009"
17-06-2009,27.90,28.60,26.30,26.50,23.67,"7,689","Jun 17, 2009"
16-06-2009,26.75,27.50,26.75,27.05,24.17,"3,100","Jun 16, 2009"
15-06-2009,26.95,26.95,26.10,26.70,23.85,"2,360","Jun 15, 2009"
12-06-2009,28.10,29.65,26.65,27.35,24.43,"12,639","Jun 12, 2009"
11-06-2009,30.75,30.95,28.50,29.10,26.00,"15,719","Jun 11, 2009"
10-06-2009,29.00,29.80,27.40,29.80,26.62,"20,900","Jun 10, 2009"
09-06-2009,28.70,28.70,26.60,27.05,24.17,"2,400","Jun 09, 2009"
08-06-2009,30.50,30.50,26.60,27.00,24.12,"38,969","Jun 08, 2009"
05-06-2009,29.75,31.90,28.60,29.50,26.35,"104,975","Jun 05, 2009"
04-06-2009,29.25,31.00,29.25,30.00,26.80,"19,539","Jun 04, 2009"
03-06-2009,30.05,30.85,29.00,29.40,26.26,"46,107","Jun 03, 2009"
02-06-2009,32.80,33.65,29.20,29.95,26.76,"51,020","Jun 02, 2009"
01-06-2009,29.05,31.00,29.05,30.60,27.34,"120,958","Jun 01, 2009"
29-05-2009,28.50,30.25,28.50,29.75,26.58,"24,691","May 29, 2009"
28-05-2009,30.00,30.50,28.35,29.10,26.00,"27,819","May 28, 2009"
27-05-2009,30.00,30.00,29.05,29.30,26.18,"4,102","May 27, 2009"
26-05-2009,32.00,32.00,28.55,28.95,25.86,"17,115","May 26, 2009"
25-05-2009,34.50,34.50,31.05,31.10,27.78,"42,067","May 25, 2009"
22-05-2009,30.00,35.00,27.40,34.50,30.82,"10,201","May 22, 2009"
21-05-2009,27.70,32.20,26.65,29.20,26.09,"15,014","May 21, 2009"
20-05-2009,24.30,26.80,24.00,26.80,23.94,"6,857","May 20, 2009"
19-05-2009,24.80,24.85,21.70,23.95,21.40,"4,833","May 19, 2009"
18-05-2009,-,-,-,-,-,-,"May 18, 2009"
15-05-2009,23.85,23.85,22.00,22.95,20.50,"1,427","May 15, 2009"
14-05-2009,21.20,23.60,21.05,21.95,19.61,558,"May 14, 2009"
13-05-2009,20.20,24.75,20.20,22.15,19.79,"4,247","May 13, 2009"
12-05-2009,20.70,23.85,20.70,21.95,19.61,"2,035","May 12, 2009"
11-05-2009,23.35,23.35,20.55,22.55,20.15,"3,885","May 11, 2009"
08-05-2009,20.50,24.65,19.05,22.30,19.92,"17,201","May 08, 2009"
07-05-2009,22.20,22.50,20.50,22.45,20.06,"2,126","May 07, 2009"
06-05-2009,19.80,22.00,19.80,21.10,18.85,"1,391","May 06, 2009"
05-05-2009,20.10,21.90,20.00,21.90,19.56,650,"May 05, 2009"
04-05-2009,20.00,20.00,20.00,20.00,17.87,100,"May 04, 2009"
30-04-2009,20.45,20.45,20.45,20.45,18.27,-,"Apr 30, 2009"
29-04-2009,24.40,24.40,20.15,20.45,18.27,"2,807","Apr 29, 2009"
28-04-2009,20.55,21.50,20.55,21.00,18.76,"2,409","Apr 28, 2009"
27-04-2009,20.40,22.45,20.40,22.15,19.79,"1,465","Apr 27, 2009"
24-04-2009,20.50,22.30,20.50,22.30,19.92,295,"Apr 24, 2009"
23-04-2009,21.00,21.00,19.80,21.00,18.76,149,"Apr 23, 2009"
22-04-2009,21.15,24.60,20.25,20.80,18.58,608,"Apr 22, 2009"
21-04-2009,18.85,23.45,18.85,22.50,20.10,"1,467","Apr 21, 2009"
20-04-2009,25.15,25.90,22.30,22.50,20.10,"4,168","Apr 20, 2009"
17-04-2009,20.15,23.85,20.15,23.85,21.31,"1,370","Apr 17, 2009"
16-04-2009,24.70,24.80,20.20,20.45,18.27,"3,733","Apr 16, 2009"
15-04-2009,22.90,24.75,22.25,23.50,20.99,"6,051","Apr 15, 2009"
13-04-2009,22.50,25.00,21.10,22.90,20.46,"1,646","Apr 13, 2009"
09-04-2009,22.50,22.50,21.45,21.55,19.25,"1,635","Apr 09, 2009"
08-04-2009,20.00,22.80,20.00,22.35,19.97,"15,856","Apr 08, 2009"
06-04-2009,19.85,19.90,18.80,19.70,17.60,770,"Apr 06, 2009"
02-04-2009,16.00,17.95,16.00,17.15,15.32,"2,005","Apr 02, 2009"
01-04-2009,16.00,17.15,16.00,17.15,15.32,665,"Apr 01, 2009"
31-03-2009,15.80,16.25,15.80,16.20,14.47,"1,333","Mar 31, 2009"
30-03-2009,16.50,17.05,16.50,17.05,15.23,165,"Mar 30, 2009"
27-03-2009,17.00,17.95,15.75,17.70,15.81,"3,655","Mar 27, 2009"
26-03-2009,18.20,18.20,18.05,18.05,16.13,"3,050","Mar 26, 2009"
25-03-2009,16.35,19.30,16.35,18.00,16.08,"8,842","Mar 25, 2009"
24-03-2009,16.80,20.60,16.80,18.45,16.48,864,"Mar 24, 2009"
23-03-2009,17.55,19.85,17.55,19.80,17.69,"1,572","Mar 23, 2009"
20-03-2009,18.65,20.50,18.65,19.20,17.15,"1,188","Mar 20, 2009"
19-03-2009,19.95,21.50,18.40,18.85,16.84,"18,718","Mar 19, 2009"
18-03-2009,15.75,18.60,15.75,18.30,16.35,"3,727","Mar 18, 2009"
17-03-2009,14.25,15.50,14.25,15.50,13.85,201,"Mar 17, 2009"
16-03-2009,15.00,15.00,14.75,14.75,13.18,286,"Mar 16, 2009"
13-03-2009,14.90,15.90,14.85,15.90,14.20,"2,900","Mar 13, 2009"
12-03-2009,14.25,16.30,14.25,14.60,13.04,"3,330","Mar 12, 2009"
09-03-2009,16.00,16.00,16.00,16.00,14.29,10,"Mar 09, 2009"
06-03-2009,15.75,16.75,14.35,16.25,14.52,346,"Mar 06, 2009"
05-03-2009,-,-,-,-,-,-,"Mar 05, 2009"
04-03-2009,15.50,17.50,15.50,15.65,13.98,272,"Mar 04, 2009"
03-03-2009,15.30,15.30,15.30,15.30,13.67,100,"Mar 03, 2009"
02-03-2009,16.00,16.00,15.50,15.50,13.85,346,"Mar 02, 2009"
27-02-2009,17.50,17.50,15.20,15.35,13.71,396,"Feb 27, 2009"
26-02-2009,-,-,-,-,-,-,"Feb 26, 2009"
25-02-2009,18.65,18.65,15.85,17.70,15.81,600,"Feb 25, 2009"
24-02-2009,16.00,17.80,16.00,16.50,14.74,89,"Feb 24, 2009"
20-02-2009,16.50,17.10,16.45,16.60,14.83,"6,327","Feb 20, 2009"
19-02-2009,17.30,18.15,17.30,18.15,16.21,"2,442","Feb 19, 2009"
18-02-2009,-,-,-,-,-,-,"Feb 18, 2009"
17-02-2009,-,-,-,-,-,-,"Feb 17, 2009"
16-02-2009,19.90,19.90,18.00,18.20,16.26,610,"Feb 16, 2009"
13-02-2009,20.10,20.10,18.55,18.55,16.57,22,"Feb 13, 2009"
12-02-2009,19.25,19.90,19.10,19.10,17.06,200,"Feb 12, 2009"
11-02-2009,21.95,21.95,18.95,19.50,17.42,555,"Feb 11, 2009"
10-02-2009,19.70,19.90,18.80,19.90,17.78,497,"Feb 10, 2009"
09-02-2009,21.50,22.70,16.00,19.65,17.55,"13,787","Feb 09, 2009"
06-02-2009,17.00,18.90,17.00,18.90,16.88,94,"Feb 06, 2009"
05-02-2009,17.00,18.00,17.00,18.00,16.08,600,"Feb 05, 2009"
04-02-2009,19.75,19.75,17.10,17.60,15.72,518,"Feb 04, 2009"
03-02-2009,16.65,18.05,16.60,18.05,16.13,710,"Feb 03, 2009"
02-02-2009,18.00,18.00,17.50,17.50,15.63,51,"Feb 02, 2009"
30-01-2009,17.55,19.20,17.55,18.30,16.35,234,"Jan 30, 2009"
29-01-2009,18.00,20.85,16.80,17.55,15.68,346,"Jan 29, 2009"
28-01-2009,17.80,19.00,17.75,18.95,16.93,"1,947","Jan 28, 2009"
27-01-2009,18.00,21.00,15.75,21.00,18.76,"1,540","Jan 27, 2009"
23-01-2009,17.75,19.00,16.00,17.90,15.99,"4,910","Jan 23, 2009"
22-01-2009,19.05,19.40,18.00,18.90,16.88,885,"Jan 22, 2009"
21-01-2009,20.00,20.00,20.00,20.00,17.87,200,"Jan 21, 2009"
20-01-2009,19.40,20.00,19.40,19.50,17.42,725,"Jan 20, 2009"
19-01-2009,19.00,21.85,18.75,19.50,17.42,"1,800","Jan 19, 2009"
16-01-2009,20.00,22.20,19.20,21.70,19.39,174,"Jan 16, 2009"
15-01-2009,21.90,21.90,21.40,21.40,19.12,400,"Jan 15, 2009"
14-01-2009,19.65,20.20,19.65,19.95,17.82,"1,328","Jan 14, 2009"
13-01-2009,19.75,20.00,19.70,20.00,17.87,170,"Jan 13, 2009"
12-01-2009,19.60,21.00,19.60,21.00,18.76,100,"Jan 12, 2009"
09-01-2009,21.00,22.00,21.00,22.00,19.65,250,"Jan 09, 2009"
07-01-2009,23.00,25.00,22.85,22.85,20.41,"1,100","Jan 07, 2009"
06-01-2009,23.00,25.05,23.00,24.40,21.80,"2,930","Jan 06, 2009"
05-01-2009,23.00,25.45,23.00,23.60,21.08,593,"Jan 05, 2009"
02-01-2009,22.00,23.75,22.00,23.60,21.08,402,"Jan 02, 2009"
31-12-2008,21.75,23.85,21.60,21.75,19.43,477,"Dec 31, 2008"
30-12-2008,20.75,23.70,20.75,22.50,20.10,"1,314","Dec 30, 2008"
29-12-2008,18.65,21.00,18.65,21.00,18.76,348,"Dec 29, 2008"
26-12-2008,25.00,25.50,21.80,21.90,19.56,"4,547","Dec 26, 2008"
24-12-2008,23.50,26.50,23.05,24.50,21.89,986,"Dec 24, 2008"
23-12-2008,26.50,26.50,19.60,22.05,19.70,"4,642","Dec 23, 2008"
22-12-2008,21.10,22.85,21.00,22.85,20.41,434,"Dec 22, 2008"
19-12-2008,-,-,-,-,-,-,"Dec 19, 2008"
18-12-2008,20.50,21.90,20.50,21.45,19.16,"1,700","Dec 18, 2008"
17-12-2008,21.90,21.90,20.70,21.60,19.30,"3,100","Dec 17, 2008"
16-12-2008,19.00,22.30,19.00,21.75,19.43,"8,842","Dec 16, 2008"
15-12-2008,18.90,19.80,18.35,18.55,16.57,"4,253","Dec 15, 2008"
12-12-2008,18.30,18.70,18.00,18.70,16.71,"8,326","Dec 12, 2008"
11-12-2008,18.25,18.50,18.10,18.10,16.17,"1,964","Dec 11, 2008"
10-12-2008,19.00,19.00,17.90,18.70,16.71,"4,196","Dec 10, 2008"
08-12-2008,18.05,19.90,18.05,19.30,17.24,"1,832","Dec 08, 2008"
05-12-2008,19.00,19.40,17.70,17.70,15.81,"18,094","Dec 05, 2008"
04-12-2008,18.20,19.90,18.20,19.85,17.73,"2,660","Dec 04, 2008"
03-12-2008,19.00,19.90,17.75,19.90,17.78,"2,008","Dec 03, 2008"
02-12-2008,18.25,19.95,18.00,19.95,17.82,200,"Dec 02, 2008"
01-12-2008,19.90,19.90,17.65,17.80,15.90,750,"Dec 01, 2008"
28-11-2008,18.00,21.50,18.00,20.00,17.87,304,"Nov 28, 2008"
27-11-2008,18.50,18.50,18.50,18.50,16.53,-,"Nov 27, 2008"
26-11-2008,19.75,19.75,18.50,18.50,16.53,300,"Nov 26, 2008"
25-11-2008,19.50,19.50,19.50,19.50,17.42,100,"Nov 25, 2008"
24-11-2008,19.90,19.95,19.90,19.95,17.82,101,"Nov 24, 2008"
21-11-2008,19.90,21.00,19.55,19.55,17.47,"10,680","Nov 21, 2008"
20-11-2008,19.00,22.85,19.00,19.50,17.42,"2,052","Nov 20, 2008"
19-11-2008,21.00,21.90,19.55,20.10,17.96,"1,703","Nov 19, 2008"
18-11-2008,17.00,22.80,17.00,22.65,20.23,"1,286","Nov 18, 2008"
17-11-2008,20.55,21.30,20.55,21.25,18.98,800,"Nov 17, 2008"
14-11-2008,21.00,23.75,21.00,23.75,21.22,"1,250","Nov 14, 2008"
12-11-2008,22.50,23.25,21.15,22.55,20.15,478,"Nov 12, 2008"
11-11-2008,22.15,23.10,21.50,22.40,20.01,"2,439","Nov 11, 2008"
10-11-2008,23.00,24.50,21.15,24.40,21.80,"2,909","Nov 10, 2008"
07-11-2008,23.00,24.95,23.00,24.55,21.93,"1,565","Nov 07, 2008"
06-11-2008,22.00,23.00,22.00,23.00,20.55,"3,278","Nov 06, 2008"
05-11-2008,25.75,25.75,23.20,23.20,20.73,910,"Nov 05, 2008"
04-11-2008,22.50,24.50,22.50,24.30,21.71,"1,425","Nov 04, 2008"
03-11-2008,20.50,22.25,20.50,22.25,19.88,"1,450","Nov 03, 2008"
31-10-2008,23.00,23.00,20.20,20.20,18.05,"1,025","Oct 31, 2008"
29-10-2008,22.10,22.10,22.10,22.10,19.74,150,"Oct 29, 2008"
27-10-2008,24.70,24.70,20.50,20.50,18.31,980,"Oct 27, 2008"
24-10-2008,22.50,22.50,22.50,22.50,20.10,30,"Oct 24, 2008"
23-10-2008,25.75,25.75,22.70,23.75,21.22,"1,152","Oct 23, 2008"
22-10-2008,23.40,23.40,22.85,23.40,20.90,"1,974","Oct 22, 2008"
21-10-2008,21.25,21.25,21.25,21.25,18.98,30,"Oct 21, 2008"
20-10-2008,19.55,22.15,19.55,20.20,18.05,323,"Oct 20, 2008"
17-10-2008,21.00,21.00,20.00,20.10,17.96,"2,214","Oct 17, 2008"
16-10-2008,20.90,21.00,19.25,21.00,18.76,421,"Oct 16, 2008"
15-10-2008,22.75,22.75,20.90,21.05,18.81,"2,055","Oct 15, 2008"
14-10-2008,22.00,23.10,22.00,22.70,20.28,"5,453","Oct 14, 2008"
13-10-2008,19.00,21.20,18.50,21.20,18.94,"31,530","Oct 13, 2008"
10-10-2008,21.20,22.90,18.95,19.25,17.20,"22,127","Oct 10, 2008"
08-10-2008,26.00,27.75,22.75,23.65,21.13,"26,669","Oct 08, 2008"
07-10-2008,31.60,31.60,25.50,27.45,24.52,"27,210","Oct 07, 2008"
06-10-2008,34.00,35.75,30.50,31.40,28.05,"2,477","Oct 06, 2008"
03-10-2008,34.00,38.00,33.00,33.90,30.28,"3,608","Oct 03, 2008"
01-10-2008,36.00,36.10,36.00,36.00,32.16,"4,780","Oct 01, 2008"
30-09-2008,34.00,36.15,31.20,35.95,32.12,"5,768","Sep 30, 2008"
29-09-2008,36.50,36.55,33.00,34.25,30.60,"6,257","Sep 29, 2008"
26-09-2008,41.50,43.00,37.65,38.80,34.66,"7,335","Sep 26, 2008"
25-09-2008,38.30,39.90,38.30,39.90,35.64,"2,071","Sep 25, 2008"
24-09-2008,38.25,40.60,38.25,40.60,36.27,130,"Sep 24, 2008"
23-09-2008,37.50,40.90,37.50,39.00,34.84,"3,109","Sep 23, 2008"
22-09-2008,37.05,39.50,37.05,38.50,34.39,"1,873","Sep 22, 2008"
19-09-2008,36.40,39.85,36.40,37.55,33.55,"3,197","Sep 19, 2008"
18-09-2008,35.25,39.95,33.00,36.60,32.70,"69,428","Sep 18, 2008"
18-09-2008,0.459935 Dividend,,,,,,"Sep 18, 2008"
17-09-2008,46.10,46.10,40.10,42.15,37.24,"5,905","Sep 17, 2008"
16-09-2008,49.00,49.00,40.00,41.30,36.49,"6,260","Sep 16, 2008"
15-09-2008,42.20,43.00,42.00,42.50,37.55,940,"Sep 15, 2008"
12-09-2008,45.55,47.00,45.05,46.05,40.69,"2,473","Sep 12, 2008"
11-09-2008,47.25,47.25,46.10,46.10,40.73,"2,012","Sep 11, 2008"
10-09-2008,45.10,47.50,45.10,46.15,40.78,"1,080","Sep 10, 2008"
09-09-2008,44.60,47.10,44.60,47.05,41.57,"4,961","Sep 09, 2008"
08-09-2008,49.65,49.70,45.15,45.50,40.20,"10,818","Sep 08, 2008"
05-09-2008,47.00,47.05,45.35,46.95,41.49,"2,086","Sep 05, 2008"
04-09-2008,48.90,53.70,47.15,48.10,42.50,"12,476","Sep 04, 2008"
02-09-2008,45.70,51.90,45.70,48.60,42.94,"36,652","Sep 02, 2008"
01-09-2008,45.95,45.95,42.00,44.00,38.88,"3,231","Sep 01, 2008"
29-08-2008,44.00,44.20,43.00,43.00,38.00,"1,500","Aug 29, 2008"
28-08-2008,43.90,44.20,43.25,44.20,39.06,"1,711","Aug 28, 2008"
27-08-2008,43.50,44.00,42.90,43.00,38.00,"3,271","Aug 27, 2008"
26-08-2008,42.50,44.45,42.50,43.00,38.00,212,"Aug 26, 2008"
25-08-2008,42.00,46.30,42.00,42.30,37.38,"2,561","Aug 25, 2008"
22-08-2008,43.00,45.50,41.30,43.95,38.83,"2,400","Aug 22, 2008"
21-08-2008,45.00,45.45,43.00,43.35,38.30,"1,091","Aug 21, 2008"
20-08-2008,44.00,46.50,44.00,44.60,39.41,"4,408","Aug 20, 2008"
19-08-2008,45.00,45.00,44.30,44.40,39.23,350,"Aug 19, 2008"
18-08-2008,44.00,47.00,43.40,45.00,39.76,"2,071","Aug 18, 2008"
14-08-2008,44.00,44.95,42.85,44.95,39.72,992,"Aug 14, 2008"
13-08-2008,44.60,45.00,44.55,44.85,39.63,"1,600","Aug 13, 2008"
12-08-2008,47.80,47.80,44.55,45.80,40.47,"1,100","Aug 12, 2008"
11-08-2008,46.00,49.50,45.10,45.45,40.16,"4,843","Aug 11, 2008"
08-08-2008,46.00,46.00,40.25,42.80,37.82,"1,300","Aug 08, 2008"
07-08-2008,44.00,45.00,43.15,43.30,38.26,"3,576","Aug 07, 2008"
06-08-2008,45.20,47.80,44.00,44.30,39.14,"3,594","Aug 06, 2008"
05-08-2008,45.00,47.40,45.00,46.25,40.87,"5,507","Aug 05, 2008"
04-08-2008,42.00,46.00,41.30,44.35,39.19,"7,795","Aug 04, 2008"
01-08-2008,40.00,41.00,39.65,40.05,35.39,"2,295","Aug 01, 2008"
31-07-2008,39.00,42.00,39.00,40.10,35.43,"3,100","Jul 31, 2008"
30-07-2008,38.00,43.65,38.00,40.35,35.65,"8,114","Jul 30, 2008"
29-07-2008,43.00,43.00,39.60,39.95,35.30,"5,001","Jul 29, 2008"
28-07-2008,42.00,42.00,40.50,40.55,35.83,"2,667","Jul 28, 2008"
25-07-2008,41.50,42.45,41.50,42.05,37.16,"1,636","Jul 25, 2008"
24-07-2008,45.00,45.00,42.00,42.10,37.20,"5,108","Jul 24, 2008"
23-07-2008,40.00,47.85,40.00,46.00,40.65,"8,690","Jul 23, 2008"
22-07-2008,39.00,40.50,39.00,39.90,35.26,"5,571","Jul 22, 2008"
21-07-2008,40.00,40.00,39.00,39.20,34.64,"1,256","Jul 21, 2008"
18-07-2008,40.00,41.95,39.00,39.65,35.03,"1,724","Jul 18, 2008"
17-07-2008,40.00,42.00,40.00,42.00,37.11,"20,415","Jul 17, 2008"
16-07-2008,40.80,41.90,40.00,40.90,36.14,"22,325","Jul 16, 2008"
15-07-2008,40.00,44.25,40.00,43.00,38.00,"26,076","Jul 15, 2008"
14-07-2008,41.00,43.00,41.00,41.70,36.85,"25,600","Jul 14, 2008"
11-07-2008,44.05,47.00,44.05,47.00,41.53,"15,450","Jul 11, 2008"
10-07-2008,40.60,45.00,40.05,44.75,39.54,"13,816","Jul 10, 2008"
09-07-2008,40.00,44.45,40.00,43.00,38.00,"11,403","Jul 09, 2008"
08-07-2008,39.00,42.00,38.00,41.70,36.85,"10,451","Jul 08, 2008"
07-07-2008,40.20,42.90,40.20,41.30,36.49,350,"Jul 07, 2008"
04-07-2008,36.00,36.00,36.00,36.00,31.81,120,"Jul 04, 2008"
03-07-2008,37.50,41.15,35.10,38.00,33.58,"2,010","Jul 03, 2008"
02-07-2008,37.00,39.00,35.25,38.75,34.24,856,"Jul 02, 2008"
01-07-2008,37.00,40.45,35.50,38.80,34.28,"7,110","Jul 01, 2008"
30-06-2008,40.00,40.00,36.80,37.05,32.74,"1,295","Jun 30, 2008"
27-06-2008,40.20,42.00,39.55,40.70,35.96,541,"Jun 27, 2008"
26-06-2008,44.70,44.70,42.00,42.05,37.16,152,"Jun 26, 2008"
25-06-2008,40.50,43.40,39.30,41.45,36.63,"2,114","Jun 25, 2008"
24-06-2008,44.05,44.25,41.30,41.65,36.80,"2,302","Jun 24, 2008"
23-06-2008,45.15,46.95,45.00,45.40,40.12,"2,483","Jun 23, 2008"
20-06-2008,47.00,49.85,47.00,49.85,44.05,153,"Jun 20, 2008"
19-06-2008,46.50,50.90,46.50,48.70,43.03,"2,050","Jun 19, 2008"
18-06-2008,50.90,51.00,49.80,49.80,44.00,"1,475","Jun 18, 2008"
17-06-2008,49.00,50.00,49.00,49.80,44.00,741,"Jun 17, 2008"
16-06-2008,46.30,51.25,46.30,51.25,45.28,184,"Jun 16, 2008"
13-06-2008,47.70,48.50,47.65,48.50,42.85,685,"Jun 13, 2008"
12-06-2008,48.00,48.00,47.10,47.10,41.62,853,"Jun 12, 2008"
11-06-2008,46.25,50.00,46.25,49.90,44.09,231,"Jun 11, 2008"
10-06-2008,49.00,49.45,46.15,47.45,41.93,"1,455","Jun 10, 2008"
09-06-2008,47.50,49.00,47.25,49.00,43.30,"1,825","Jun 09, 2008"
06-06-2008,53.45,53.45,48.00,51.50,45.51,375,"Jun 06, 2008"
05-06-2008,44.00,50.00,44.00,49.45,43.69,"3,489","Jun 05, 2008"
04-06-2008,48.20,48.20,48.15,48.15,42.55,200,"Jun 04, 2008"
03-06-2008,45.00,50.70,45.00,50.00,44.18,"1,504","Jun 03, 2008"
02-06-2008,50.30,51.40,48.65,49.65,43.87,"6,953","Jun 02, 2008"
30-05-2008,48.75,52.00,48.75,51.80,45.77,"1,852","May 30, 2008"
29-05-2008,52.00,54.90,51.10,53.05,46.88,"3,393","May 29, 2008"
28-05-2008,51.30,52.30,50.35,52.00,45.95,"1,084","May 28, 2008"
27-05-2008,53.50,56.45,51.00,51.35,45.37,"3,590","May 27, 2008"
26-05-2008,55.05,55.90,52.90,53.20,47.01,919,"May 26, 2008"
23-05-2008,56.00,56.00,55.20,55.60,49.13,208,"May 23, 2008"
22-05-2008,59.00,59.00,59.00,59.00,52.13,500,"May 22, 2008"
21-05-2008,59.50,59.70,57.65,58.85,52.00,"1,200","May 21, 2008"
20-05-2008,57.85,57.90,55.60,57.20,50.54,"3,439","May 20, 2008"
16-05-2008,59.00,59.00,56.00,56.85,50.23,"2,050","May 16, 2008"
15-05-2008,58.00,60.60,57.75,57.85,51.12,"2,282","May 15, 2008"
14-05-2008,58.90,59.00,57.00,58.95,52.09,"1,050","May 14, 2008"
13-05-2008,61.00,62.00,58.45,59.40,52.49,"1,470","May 13, 2008"
12-05-2008,61.80,61.80,58.00,58.85,52.00,"2,655","May 12, 2008"
09-05-2008,58.00,62.40,57.15,60.55,53.50,"7,179","May 09, 2008"
08-05-2008,56.95,58.40,55.50,57.55,50.85,"5,731","May 08, 2008"
07-05-2008,57.00,57.00,55.00,55.50,49.04,"3,345","May 07, 2008"
06-05-2008,57.50,59.15,56.00,57.35,50.67,"1,630","May 06, 2008"
05-05-2008,60.50,60.50,57.00,57.75,51.03,"4,221","May 05, 2008"
02-05-2008,57.35,57.75,55.60,57.75,51.03,"5,371","May 02, 2008"
30-04-2008,57.40,57.40,55.00,55.00,48.60,"1,250","Apr 30, 2008"
29-04-2008,55.20,57.30,54.00,54.65,48.29,"2,350","Apr 29, 2008"
28-04-2008,58.75,58.75,55.55,56.00,49.48,"1,715","Apr 28, 2008"
25-04-2008,56.50,57.90,56.10,57.90,51.16,632,"Apr 25, 2008"
24-04-2008,59.00,59.00,57.45,57.90,51.16,"3,269","Apr 24, 2008"
23-04-2008,61.05,61.25,59.05,60.45,53.41,"1,205","Apr 23, 2008"
22-04-2008,58.95,61.90,58.95,61.90,54.70,"7,685","Apr 22, 2008"
21-04-2008,57.00,59.35,55.20,58.95,52.09,"11,723","Apr 21, 2008"
17-04-2008,57.00,57.30,55.50,56.50,49.92,"1,367","Apr 17, 2008"
16-04-2008,59.00,59.10,54.70,54.95,48.55,"9,260","Apr 16, 2008"
15-04-2008,56.50,58.00,55.60,57.55,50.85,"16,217","Apr 15, 2008"
11-04-2008,59.50,59.50,56.20,58.50,51.69,720,"Apr 11, 2008"
10-04-2008,56.25,57.50,55.20,57.25,50.59,"1,465","Apr 10, 2008"
09-04-2008,54.50,55.80,54.00,54.80,48.42,"1,559","Apr 09, 2008"
08-04-2008,55.50,56.25,53.30,55.00,48.60,"1,110","Apr 08, 2008"
07-04-2008,56.00,56.40,52.30,55.45,49.00,"3,315","Apr 07, 2008"
04-04-2008,54.30,56.30,54.00,54.05,47.76,442,"Apr 04, 2008"
03-04-2008,56.00,57.35,55.10,56.40,49.84,"1,479","Apr 03, 2008"
02-04-2008,56.70,56.70,53.25,55.95,49.44,"4,031","Apr 02, 2008"
01-04-2008,54.60,54.60,51.00,54.00,47.71,"1,434","Apr 01, 2008"
31-03-2008,57.00,57.00,51.75,52.05,45.99,"4,114","Mar 31, 2008"
28-03-2008,54.45,54.45,50.00,54.45,48.11,"4,735","Mar 28, 2008"
27-03-2008,51.85,51.85,51.85,51.85,45.81,543,"Mar 27, 2008"
26-03-2008,47.55,49.35,47.55,49.35,43.61,"5,750","Mar 26, 2008"
25-03-2008,43.70,48.00,43.70,47.00,41.53,"9,154","Mar 25, 2008"
24-03-2008,49.00,49.00,45.00,46.00,40.65,"2,165","Mar 24, 2008"
19-03-2008,51.25,53.95,46.00,47.35,41.84,"5,806","Mar 19, 2008"
18-03-2008,51.50,51.50,47.65,50.50,44.62,"6,608","Mar 18, 2008"
17-03-2008,50.70,56.70,50.70,51.90,45.86,"2,006","Mar 17, 2008"
14-03-2008,59.90,59.90,54.40,56.30,49.75,"17,059","Mar 14, 2008"
13-03-2008,64.40,64.40,58.00,58.00,51.25,"35,930","Mar 13, 2008"
12-03-2008,65.10,70.00,63.00,64.40,56.90,"2,785","Mar 12, 2008"
11-03-2008,53.00,63.70,52.50,63.70,56.29,"6,918","Mar 11, 2008"
10-03-2008,59.95,59.95,53.85,57.90,51.16,"15,802","Mar 10, 2008"
07-03-2008,61.00,62.00,59.80,59.80,52.84,"8,184","Mar 07, 2008"
05-03-2008,64.00,67.00,61.35,62.90,55.58,"2,864","Mar 05, 2008"
04-03-2008,67.90,71.00,64.55,64.55,57.04,"2,744","Mar 04, 2008"
03-03-2008,67.90,70.35,67.90,67.90,60.00,"2,681","Mar 03, 2008"
29-02-2008,71.50,75.20,70.10,71.45,63.13,"6,231","Feb 29, 2008"
28-02-2008,74.00,75.10,72.00,73.55,64.99,"2,210","Feb 28, 2008"
27-02-2008,75.95,76.20,74.25,74.25,65.61,"2,089","Feb 27, 2008"
26-02-2008,77.00,78.00,73.20,74.00,65.39,"4,605","Feb 26, 2008"
25-02-2008,75.00,76.50,72.90,76.05,67.20,"1,403","Feb 25, 2008"
22-02-2008,76.30,77.75,75.15,76.50,67.60,435,"Feb 22, 2008"
21-02-2008,82.00,82.45,78.00,78.05,68.97,"3,857","Feb 21, 2008"
20-02-2008,80.00,83.00,78.90,78.90,69.72,"4,164","Feb 20, 2008"
19-02-2008,83.15,83.15,81.00,83.05,73.38,"3,179","Feb 19, 2008"
18-02-2008,77.90,79.15,77.00,79.15,69.94,"1,179","Feb 18, 2008"
15-02-2008,70.05,75.35,70.05,75.35,66.58,"2,066","Feb 15, 2008"
14-02-2008,66.50,71.90,66.50,71.75,63.40,"1,745","Feb 14, 2008"
13-02-2008,72.00,72.10,68.40,68.45,60.48,"28,802","Feb 13, 2008"
12-02-2008,76.10,76.10,71.85,71.90,63.53,"2,584","Feb 12, 2008"
11-02-2008,78.15,80.45,75.30,75.60,66.80,"5,178","Feb 11, 2008"
08-02-2008,78.15,80.90,76.65,79.25,70.03,"3,989","Feb 08, 2008"
07-02-2008,83.40,84.45,80.00,80.50,71.13,"6,479","Feb 07, 2008"
06-02-2008,84.00,84.90,82.10,83.05,73.38,"12,876","Feb 06, 2008"
05-02-2008,87.20,87.90,85.00,85.05,75.15,"2,305","Feb 05, 2008"
04-02-2008,85.10,88.40,85.10,87.20,77.05,"9,152","Feb 04, 2008"
01-02-2008,86.25,86.50,83.30,84.15,74.36,"14,904","Feb 01, 2008"
31-01-2008,83.70,88.95,82.00,87.60,77.40,"34,202","Jan 31, 2008"
30-01-2008,85.95,87.15,83.00,84.70,74.84,"16,816","Jan 30, 2008"
29-01-2008,82.85,83.00,82.85,83.00,73.34,"6,829","Jan 29, 2008"
28-01-2008,75.00,79.55,75.00,79.05,69.85,"22,002","Jan 28, 2008"
25-01-2008,75.00,75.75,75.00,75.75,66.93,"13,638","Jan 25, 2008"
24-01-2008,75.00,76.80,69.55,72.10,63.71,"12,850","Jan 24, 2008"
23-01-2008,70.00,73.20,66.25,73.20,64.68,"9,601","Jan 23, 2008"
22-01-2008,72.90,72.90,69.70,69.70,61.59,"4,900","Jan 22, 2008"
21-01-2008,88.00,88.00,77.40,77.40,68.39,"13,200","Jan 21, 2008"
18-01-2008,90.10,95.00,85.60,85.60,75.64,"17,730","Jan 18, 2008"
17-01-2008,95.00,98.75,93.50,95.10,84.03,"35,796","Jan 17, 2008"
16-01-2008,97.80,104.00,87.55,91.20,80.58,"62,110","Jan 16, 2008"
15-01-2008,92.95,100.95,92.95,97.20,85.89,"38,602","Jan 15, 2008"
14-01-2008,88.95,94.00,86.50,91.75,81.07,"18,747","Jan 14, 2008"
11-01-2008,100.00,100.00,85.15,88.75,78.42,"78,735","Jan 11, 2008"
