date,open,high,low,close,adjClose,volume,dateRaw
25-08-2023,86.60,95.55,85.10,94.55,94.55,"166,527","Aug 25, 2023"
24-08-2023,87.35,87.35,83.80,84.75,84.75,"12,371","Aug 24, 2023"
23-08-2023,86.20,87.60,84.55,85.75,85.75,"16,669","Aug 23, 2023"
22-08-2023,86.00,86.85,83.95,84.20,84.20,"6,836","Aug 22, 2023"
21-08-2023,81.50,85.90,81.50,85.75,85.75,"18,426","Aug 21, 2023"
18-08-2023,86.15,86.15,83.15,83.45,83.45,"11,997","Aug 18, 2023"
17-08-2023,87.50,88.05,86.05,86.60,86.60,"20,269","Aug 17, 2023"
16-08-2023,81.10,87.80,81.00,87.40,87.40,"42,064","Aug 16, 2023"
14-08-2023,82.05,87.00,80.00,82.60,82.60,"65,795","Aug 14, 2023"
11-08-2023,87.80,87.80,82.00,83.10,83.10,"25,437","Aug 11, 2023"
10-08-2023,84.90,88.00,83.25,86.50,86.50,"69,977","Aug 10, 2023"
09-08-2023,84.00,84.40,80.10,83.40,83.40,"50,004","Aug 09, 2023"
08-08-2023,78.30,83.15,77.70,82.15,82.15,"70,255","Aug 08, 2023"
07-08-2023,77.45,79.20,77.45,78.75,78.75,"19,042","Aug 07, 2023"
04-08-2023,78.00,79.55,76.50,77.25,77.25,"10,850","Aug 04, 2023"
03-08-2023,80.95,80.95,77.65,78.20,78.20,"11,706","Aug 03, 2023"
02-08-2023,81.45,81.45,77.45,79.75,79.75,"21,656","Aug 02, 2023"
01-08-2023,78.95,84.40,77.25,80.85,80.85,"54,622","Aug 01, 2023"
31-07-2023,79.55,80.10,78.05,78.60,78.60,"12,013","Jul 31, 2023"
28-07-2023,82.00,82.00,78.35,79.35,79.35,"14,489","Jul 28, 2023"
27-07-2023,80.95,83.90,79.05,80.95,80.95,"77,005","Jul 27, 2023"
26-07-2023,77.95,82.90,76.30,79.95,79.95,"190,381","Jul 26, 2023"
25-07-2023,79.50,80.60,76.15,76.90,76.90,"19,814","Jul 25, 2023"
24-07-2023,75.85,80.85,74.75,78.05,78.05,"72,736","Jul 24, 2023"
21-07-2023,75.45,76.90,73.20,74.60,74.60,"45,893","Jul 21, 2023"
20-07-2023,76.05,76.05,74.15,74.55,74.55,"6,115","Jul 20, 2023"
19-07-2023,75.90,75.90,74.40,74.95,74.95,"6,046","Jul 19, 2023"
18-07-2023,74.55,76.10,74.30,74.55,74.55,"9,683","Jul 18, 2023"
17-07-2023,74.00,75.90,74.00,74.40,74.40,"15,656","Jul 17, 2023"
14-07-2023,74.65,76.35,73.10,74.45,74.45,"30,106","Jul 14, 2023"
13-07-2023,75.75,75.75,72.60,73.10,73.10,"13,293","Jul 13, 2023"
12-07-2023,76.35,76.35,74.40,74.50,74.50,"5,533","Jul 12, 2023"
11-07-2023,76.00,77.35,73.75,74.85,74.85,"17,601","Jul 11, 2023"
10-07-2023,76.00,76.00,73.65,74.25,74.25,"4,519","Jul 10, 2023"
07-07-2023,75.95,76.10,73.20,74.75,74.75,"18,474","Jul 07, 2023"
06-07-2023,76.45,76.45,74.85,75.20,75.20,"9,204","Jul 06, 2023"
05-07-2023,76.50,76.50,75.15,75.80,75.80,"4,121","Jul 05, 2023"
04-07-2023,76.65,76.65,75.10,75.25,75.25,"5,616","Jul 04, 2023"
03-07-2023,76.00,76.00,74.15,75.15,75.15,"7,297","Jul 03, 2023"
30-06-2023,75.15,76.90,74.55,75.00,75.00,"9,960","Jun 30, 2023"
28-06-2023,-,-,-,-,-,-,"Jun 28, 2023"
27-06-2023,78.75,78.75,75.00,75.25,75.25,"11,649","Jun 27, 2023"
26-06-2023,76.30,77.05,76.05,76.10,76.10,"7,280","Jun 26, 2023"
23-06-2023,78.75,78.75,76.20,76.55,76.55,"9,768","Jun 23, 2023"
22-06-2023,78.70,78.70,76.55,76.80,76.80,"9,427","Jun 22, 2023"
21-06-2023,80.80,80.80,76.80,77.40,77.40,"15,291","Jun 21, 2023"
20-06-2023,77.95,81.65,76.40,79.40,79.40,"49,489","Jun 20, 2023"
19-06-2023,78.90,78.90,76.00,76.35,76.35,"6,469","Jun 19, 2023"
16-06-2023,77.90,79.20,76.20,77.00,77.00,"31,166","Jun 16, 2023"
15-06-2023,78.75,78.75,75.60,76.40,76.40,"10,914","Jun 15, 2023"
14-06-2023,78.35,79.90,76.20,77.30,77.30,"27,572","Jun 14, 2023"
13-06-2023,77.85,78.90,75.85,77.05,77.05,"13,773","Jun 13, 2023"
12-06-2023,78.00,79.00,75.80,76.25,76.25,"4,945","Jun 12, 2023"
09-06-2023,78.45,78.45,75.50,75.75,75.75,"7,693","Jun 09, 2023"
08-06-2023,76.80,78.50,75.90,77.15,77.15,"11,400","Jun 08, 2023"
07-06-2023,78.00,78.00,74.95,75.75,75.75,"14,726","Jun 07, 2023"
06-06-2023,79.65,79.65,76.05,76.85,76.85,"7,765","Jun 06, 2023"
05-06-2023,79.85,79.85,77.00,77.30,77.30,"15,320","Jun 05, 2023"
02-06-2023,73.30,81.85,72.95,77.40,77.40,"62,930","Jun 02, 2023"
01-06-2023,73.90,73.90,72.40,72.60,72.60,"4,088","Jun 01, 2023"
31-05-2023,73.75,75.75,72.15,72.80,72.80,"12,224","May 31, 2023"
30-05-2023,74.00,74.40,72.80,73.75,73.75,"3,603","May 30, 2023"
29-05-2023,75.00,75.00,72.10,72.95,72.95,"12,339","May 29, 2023"
26-05-2023,76.95,76.95,71.20,72.15,72.15,"11,328","May 26, 2023"
25-05-2023,72.80,76.00,71.00,74.10,74.10,"27,223","May 25, 2023"
24-05-2023,71.35,71.85,70.35,71.10,71.10,"7,341","May 24, 2023"
23-05-2023,72.15,72.75,69.60,70.35,70.35,"19,716","May 23, 2023"
22-05-2023,74.85,74.85,70.60,71.40,71.40,"31,580","May 22, 2023"
19-05-2023,75.00,75.00,73.10,74.00,74.00,"9,454","May 19, 2023"
18-05-2023,73.50,75.00,73.00,73.35,73.35,"21,604","May 18, 2023"
17-05-2023,75.80,77.70,75.30,75.85,75.85,"8,206","May 17, 2023"
16-05-2023,78.20,78.25,75.15,75.75,75.75,"5,530","May 16, 2023"
15-05-2023,76.90,78.70,76.00,76.20,76.20,"5,947","May 15, 2023"
12-05-2023,76.45,79.15,76.45,76.90,76.90,"2,099","May 12, 2023"
11-05-2023,76.45,79.95,76.45,78.10,78.10,"6,193","May 11, 2023"
10-05-2023,77.20,79.85,76.80,77.65,77.65,"9,112","May 10, 2023"
09-05-2023,78.00,81.45,77.90,78.30,78.30,"26,935","May 09, 2023"
08-05-2023,75.80,82.80,75.10,77.80,77.80,"47,583","May 08, 2023"
05-05-2023,76.20,76.20,73.25,74.15,74.15,"10,421","May 05, 2023"
04-05-2023,76.95,76.95,74.40,75.45,75.45,"3,218","May 04, 2023"
03-05-2023,77.30,77.30,74.50,75.35,75.35,"5,109","May 03, 2023"
02-05-2023,74.10,78.00,74.10,75.75,75.75,"16,004","May 02, 2023"
28-04-2023,76.25,76.25,73.80,74.10,74.10,"8,880","Apr 28, 2023"
27-04-2023,75.10,76.50,74.65,75.30,75.30,"3,938","Apr 27, 2023"
26-04-2023,77.60,77.60,75.00,75.45,75.45,"4,744","Apr 26, 2023"
25-04-2023,76.70,77.70,75.25,76.25,76.25,"10,838","Apr 25, 2023"
24-04-2023,78.45,78.45,74.55,75.05,75.05,"6,717","Apr 24, 2023"
21-04-2023,78.50,78.95,76.20,76.40,76.40,"12,312","Apr 21, 2023"
20-04-2023,76.05,82.15,76.05,77.95,77.95,"138,809","Apr 20, 2023"
19-04-2023,80.80,80.80,76.20,76.95,76.95,"8,697","Apr 19, 2023"
18-04-2023,79.30,79.85,77.60,78.55,78.55,"8,261","Apr 18, 2023"
17-04-2023,78.85,80.00,74.75,79.35,79.35,"35,789","Apr 17, 2023"
13-04-2023,75.05,78.15,74.00,77.55,77.55,"9,682","Apr 13, 2023"
12-04-2023,74.25,75.00,73.70,74.30,74.30,"1,258","Apr 12, 2023"
11-04-2023,74.35,75.05,74.00,74.25,74.25,"4,633","Apr 11, 2023"
10-04-2023,78.75,78.75,73.55,74.05,74.05,"14,093","Apr 10, 2023"
06-04-2023,76.95,79.00,75.35,76.50,76.50,"10,054","Apr 06, 2023"
05-04-2023,74.80,79.20,73.95,77.15,77.15,"19,606","Apr 05, 2023"
03-04-2023,70.95,73.15,70.05,72.70,72.70,"9,216","Apr 03, 2023"
31-03-2023,70.00,71.45,68.60,69.70,69.70,"15,782","Mar 31, 2023"
29-03-2023,66.95,69.80,65.35,68.05,68.05,"12,981","Mar 29, 2023"
28-03-2023,69.05,69.75,64.80,65.00,65.00,"13,478","Mar 28, 2023"
27-03-2023,70.80,70.80,66.40,67.80,67.80,"30,709","Mar 27, 2023"
24-03-2023,70.20,70.90,68.50,69.50,69.50,"4,592","Mar 24, 2023"
23-03-2023,69.45,71.30,69.00,70.35,70.35,"4,591","Mar 23, 2023"
22-03-2023,72.05,72.05,69.25,69.70,69.70,"3,640","Mar 22, 2023"
21-03-2023,68.45,70.45,68.00,68.60,68.60,"9,838","Mar 21, 2023"
20-03-2023,72.55,72.55,67.20,68.60,68.60,"8,563","Mar 20, 2023"
17-03-2023,70.40,71.45,70.15,70.50,70.50,"3,565","Mar 17, 2023"
16-03-2023,72.95,72.95,70.00,70.60,70.60,"3,706","Mar 16, 2023"
15-03-2023,72.10,72.50,71.05,71.25,71.25,"4,075","Mar 15, 2023"
14-03-2023,73.00,73.45,70.05,71.05,71.05,"7,166","Mar 14, 2023"
13-03-2023,75.00,75.00,70.25,70.70,70.70,"12,881","Mar 13, 2023"
10-03-2023,74.95,74.95,73.00,73.70,73.70,"4,552","Mar 10, 2023"
09-03-2023,76.00,76.00,73.30,73.70,73.70,"2,853","Mar 09, 2023"
08-03-2023,74.45,75.95,73.80,75.10,75.10,"11,328","Mar 08, 2023"
06-03-2023,73.30,74.65,73.15,73.65,73.65,"12,722","Mar 06, 2023"
03-03-2023,73.95,75.45,73.00,73.40,73.40,"17,010","Mar 03, 2023"
02-03-2023,77.85,77.85,74.55,74.85,74.85,"9,007","Mar 02, 2023"
01-03-2023,70.10,79.90,70.10,76.75,76.75,"58,718","Mar 01, 2023"
28-02-2023,73.80,73.80,71.05,71.20,71.20,"5,423","Feb 28, 2023"
27-02-2023,73.95,73.95,70.25,71.55,71.55,"4,423","Feb 27, 2023"
24-02-2023,70.05,71.95,70.05,71.85,71.85,"3,009","Feb 24, 2023"
23-02-2023,74.80,74.80,70.35,71.20,71.20,"4,254","Feb 23, 2023"
22-02-2023,75.00,75.00,71.55,72.35,72.35,"7,394","Feb 22, 2023"
21-02-2023,73.60,75.05,73.45,73.50,73.50,"4,054","Feb 21, 2023"
20-02-2023,73.00,76.15,73.00,74.25,74.25,"8,998","Feb 20, 2023"
17-02-2023,76.90,76.90,73.50,73.70,73.70,"8,021","Feb 17, 2023"
16-02-2023,73.15,76.50,73.00,74.65,74.65,"21,347","Feb 16, 2023"
15-02-2023,77.40,77.40,73.50,74.10,74.10,"8,246","Feb 15, 2023"
14-02-2023,76.15,77.50,76.05,76.20,76.20,"5,189","Feb 14, 2023"
13-02-2023,81.00,81.00,77.05,77.35,77.35,"6,585","Feb 13, 2023"
10-02-2023,83.00,83.00,77.50,78.20,78.20,"4,695","Feb 10, 2023"
09-02-2023,83.70,83.70,78.65,79.40,79.40,"12,186","Feb 09, 2023"
08-02-2023,83.90,83.90,79.25,80.35,80.35,"8,879","Feb 08, 2023"
07-02-2023,82.90,82.90,80.00,81.55,81.55,"7,483","Feb 07, 2023"
06-02-2023,75.75,81.00,75.50,79.65,79.65,"9,976","Feb 06, 2023"
03-02-2023,78.00,78.00,75.25,75.50,75.50,"10,103","Feb 03, 2023"
02-02-2023,80.95,80.95,75.10,75.60,75.60,"12,707","Feb 02, 2023"
01-02-2023,82.00,82.00,77.30,78.95,78.95,"8,156","Feb 01, 2023"
31-01-2023,79.00,81.00,78.90,79.85,79.85,"3,233","Jan 31, 2023"
30-01-2023,80.40,80.40,77.45,78.90,78.90,"7,938","Jan 30, 2023"
27-01-2023,80.05,84.00,78.65,79.10,79.10,"8,823","Jan 27, 2023"
25-01-2023,81.70,81.70,80.25,80.55,80.55,"6,667","Jan 25, 2023"
24-01-2023,84.30,84.30,80.55,81.35,81.35,"5,249","Jan 24, 2023"
23-01-2023,82.60,83.45,80.80,80.90,80.90,"5,369","Jan 23, 2023"
20-01-2023,84.50,84.50,81.80,82.00,82.00,"8,284","Jan 20, 2023"
19-01-2023,82.00,84.00,81.60,82.25,82.25,"4,304","Jan 19, 2023"
18-01-2023,82.85,84.45,82.55,82.90,82.90,"3,746","Jan 18, 2023"
17-01-2023,86.00,86.00,82.00,82.40,82.40,"7,144","Jan 17, 2023"
16-01-2023,85.75,85.75,82.60,83.20,83.20,"7,839","Jan 16, 2023"
13-01-2023,84.00,84.45,82.50,83.70,83.70,"5,885","Jan 13, 2023"
12-01-2023,84.00,85.35,83.00,83.55,83.55,"6,032","Jan 12, 2023"
11-01-2023,84.00,85.40,83.10,84.30,84.30,"4,977","Jan 11, 2023"
10-01-2023,87.25,87.25,82.50,83.75,83.75,"8,295","Jan 10, 2023"
09-01-2023,88.00,88.00,85.00,85.25,85.25,"7,559","Jan 09, 2023"
06-01-2023,87.60,88.00,85.25,86.05,86.05,"4,859","Jan 06, 2023"
05-01-2023,91.00,91.00,84.20,85.85,85.85,"20,582","Jan 05, 2023"
04-01-2023,92.50,92.50,87.40,89.10,89.10,"16,582","Jan 04, 2023"
03-01-2023,89.70,92.80,89.00,90.10,90.10,"18,570","Jan 03, 2023"
02-01-2023,86.75,93.70,85.35,89.70,89.70,"63,070","Jan 02, 2023"
30-12-2022,87.80,88.95,85.00,85.25,85.25,"6,862","Dec 30, 2022"
29-12-2022,87.90,87.90,85.10,86.95,86.95,"7,237","Dec 29, 2022"
28-12-2022,85.00,87.00,83.25,86.40,86.40,"9,278","Dec 28, 2022"
27-12-2022,81.10,85.80,81.10,83.60,83.60,"11,621","Dec 27, 2022"
26-12-2022,76.20,81.55,76.15,80.60,80.60,"7,913","Dec 26, 2022"
23-12-2022,80.30,81.00,77.05,77.70,77.70,"29,497","Dec 23, 2022"
22-12-2022,87.30,87.30,81.65,82.80,82.80,"12,668","Dec 22, 2022"
21-12-2022,89.95,89.95,85.00,85.45,85.45,"10,918","Dec 21, 2022"
20-12-2022,90.75,90.75,87.40,88.05,88.05,"18,176","Dec 20, 2022"
19-12-2022,91.30,91.30,88.00,89.00,89.00,"9,065","Dec 19, 2022"
16-12-2022,92.45,92.45,88.00,88.90,88.90,"20,733","Dec 16, 2022"
15-12-2022,93.15,93.15,90.00,90.35,90.35,"17,369","Dec 15, 2022"
14-12-2022,92.45,92.45,91.05,91.35,91.35,"10,710","Dec 14, 2022"
13-12-2022,92.95,93.00,91.00,91.60,91.60,"24,546","Dec 13, 2022"
12-12-2022,92.70,93.55,91.20,91.50,91.50,"10,188","Dec 12, 2022"
09-12-2022,92.00,97.00,91.00,91.85,91.85,"22,110","Dec 09, 2022"
08-12-2022,92.00,93.00,91.55,91.85,91.85,"10,873","Dec 08, 2022"
07-12-2022,94.00,94.90,90.90,91.80,91.80,"32,894","Dec 07, 2022"
06-12-2022,95.45,95.45,92.45,93.55,93.55,"14,144","Dec 06, 2022"
05-12-2022,94.10,96.70,93.10,94.05,94.05,"27,493","Dec 05, 2022"
02-12-2022,97.00,97.00,93.80,94.90,94.90,"19,312","Dec 02, 2022"
01-12-2022,94.05,97.65,93.30,94.90,94.90,"40,903","Dec 01, 2022"
30-11-2022,94.95,95.20,93.00,93.25,93.25,"6,359","Nov 30, 2022"
29-11-2022,97.40,97.40,92.00,93.10,93.10,"13,414","Nov 29, 2022"
28-11-2022,93.15,97.10,88.55,95.50,95.50,"54,306","Nov 28, 2022"
25-11-2022,94.20,95.55,93.05,93.45,93.45,"11,979","Nov 25, 2022"
24-11-2022,95.00,95.75,92.65,95.00,95.00,"14,753","Nov 24, 2022"
23-11-2022,96.65,96.65,92.50,93.85,93.85,"17,654","Nov 23, 2022"
22-11-2022,94.20,95.65,92.95,94.35,94.35,"11,391","Nov 22, 2022"
21-11-2022,96.00,99.80,92.20,94.45,94.45,"28,827","Nov 21, 2022"
18-11-2022,92.40,96.05,92.40,94.80,94.80,"16,427","Nov 18, 2022"
17-11-2022,96.00,97.70,93.30,94.35,94.35,"21,752","Nov 17, 2022"
16-11-2022,92.85,98.95,91.45,94.55,94.55,"90,131","Nov 16, 2022"
15-11-2022,93.75,94.45,88.15,91.05,91.05,"41,694","Nov 15, 2022"
14-11-2022,97.25,97.25,93.00,93.50,93.50,"19,384","Nov 14, 2022"
11-11-2022,95.00,98.70,94.25,95.00,95.00,"42,186","Nov 11, 2022"
10-11-2022,99.45,102.00,93.70,94.40,94.40,"73,143","Nov 10, 2022"
09-11-2022,95.50,99.95,95.30,98.95,98.95,"85,857","Nov 09, 2022"
07-11-2022,100.30,100.30,94.60,95.15,95.15,"72,942","Nov 07, 2022"
04-11-2022,105.00,108.00,97.00,99.60,99.60,"325,627","Nov 04, 2022"
03-11-2022,95.00,110.00,91.25,102.30,102.30,"790,978","Nov 03, 2022"
02-11-2022,81.70,99.50,81.65,99.50,99.50,"594,541","Nov 02, 2022"
01-11-2022,83.90,83.90,82.40,82.95,82.95,"8,236","Nov 01, 2022"
31-10-2022,83.70,85.75,82.50,82.80,82.80,"6,486","Oct 31, 2022"
28-10-2022,86.00,86.60,83.10,83.70,83.70,"14,029","Oct 28, 2022"
27-10-2022,85.00,85.75,84.05,85.25,85.25,"5,137","Oct 27, 2022"
25-10-2022,85.80,85.80,84.00,84.95,84.95,"4,806","Oct 25, 2022"
24-10-2022,86.00,86.00,83.30,85.70,85.70,"9,277","Oct 24, 2022"
21-10-2022,83.00,85.50,81.25,85.15,85.15,"22,227","Oct 21, 2022"
20-10-2022,83.55,85.70,82.35,83.20,83.20,"7,954","Oct 20, 2022"
19-10-2022,85.95,86.05,82.30,84.15,84.15,"9,962","Oct 19, 2022"
18-10-2022,85.90,86.55,83.35,84.30,84.30,"7,312","Oct 18, 2022"
17-10-2022,84.55,88.15,83.15,84.60,84.60,"17,930","Oct 17, 2022"
14-10-2022,87.55,88.45,84.50,84.70,84.70,"7,905","Oct 14, 2022"
13-10-2022,89.75,89.75,85.10,85.70,85.70,"8,409","Oct 13, 2022"
12-10-2022,90.00,90.60,87.50,87.95,87.95,"5,291","Oct 12, 2022"
11-10-2022,90.80,92.80,87.55,88.75,88.75,"17,131","Oct 11, 2022"
10-10-2022,88.40,94.10,88.40,90.70,90.70,"7,850","Oct 10, 2022"
07-10-2022,91.00,93.80,88.65,92.60,92.60,"27,974","Oct 07, 2022"
06-10-2022,89.90,90.80,88.00,88.50,88.50,"9,404","Oct 06, 2022"
04-10-2022,87.35,89.00,86.35,88.15,88.15,"8,151","Oct 04, 2022"
03-10-2022,85.05,87.95,85.00,85.40,85.40,"7,332","Oct 03, 2022"
30-09-2022,84.10,88.00,84.10,85.20,85.20,"10,263","Sep 30, 2022"
29-09-2022,88.20,89.10,84.20,85.15,85.15,"18,866","Sep 29, 2022"
28-09-2022,87.25,91.00,86.30,87.15,87.15,"11,567","Sep 28, 2022"
27-09-2022,90.40,91.90,88.60,89.40,89.40,"7,407","Sep 27, 2022"
26-09-2022,91.80,92.00,88.25,90.30,90.30,"18,087","Sep 26, 2022"
23-09-2022,92.35,97.50,89.60,91.25,91.25,"53,136","Sep 23, 2022"
22-09-2022,91.95,94.45,90.35,91.45,91.45,"9,784","Sep 22, 2022"
21-09-2022,92.50,95.00,91.20,91.90,91.90,"11,165","Sep 21, 2022"
20-09-2022,93.05,95.80,91.15,91.90,91.90,"16,782","Sep 20, 2022"
19-09-2022,94.90,94.90,90.95,93.05,93.05,"10,102","Sep 19, 2022"
16-09-2022,94.20,95.80,90.25,91.30,91.30,"16,258","Sep 16, 2022"
15-09-2022,94.10,98.80,93.20,95.40,95.40,"25,665","Sep 15, 2022"
14-09-2022,93.00,96.30,93.00,94.45,94.45,"24,359","Sep 14, 2022"
13-09-2022,92.80,99.70,88.60,95.65,95.65,"145,853","Sep 13, 2022"
12-09-2022,87.70,91.30,87.70,89.20,89.20,"13,298","Sep 12, 2022"
09-09-2022,92.90,92.90,88.15,88.90,88.90,"17,802","Sep 09, 2022"
08-09-2022,92.20,92.85,90.25,90.65,90.65,"17,573","Sep 08, 2022"
07-09-2022,92.05,93.20,90.00,91.85,91.85,"14,708","Sep 07, 2022"
06-09-2022,97.00,97.00,91.65,92.05,92.05,"35,570","Sep 06, 2022"
05-09-2022,93.75,96.85,93.15,95.20,95.20,"49,832","Sep 05, 2022"
02-09-2022,86.10,97.30,86.10,91.90,91.90,"129,925","Sep 02, 2022"
01-09-2022,87.40,87.40,83.75,86.10,86.10,"12,466","Sep 01, 2022"
30-08-2022,83.55,87.05,83.15,86.75,86.75,"30,723","Aug 30, 2022"
29-08-2022,81.80,84.05,81.10,83.05,83.05,"10,803","Aug 29, 2022"
26-08-2022,84.75,85.70,81.55,82.55,82.55,"12,052","Aug 26, 2022"
25-08-2022,87.00,87.00,83.40,84.75,84.75,"12,281","Aug 25, 2022"
24-08-2022,81.15,85.00,81.15,83.00,83.00,"14,410","Aug 24, 2022"
23-08-2022,85.25,85.25,82.40,82.85,82.85,"8,742","Aug 23, 2022"
22-08-2022,85.55,86.90,82.05,82.60,82.60,"19,851","Aug 22, 2022"
19-08-2022,85.00,87.00,83.10,86.00,86.00,"17,729","Aug 19, 2022"
18-08-2022,81.55,86.00,81.55,85.20,85.20,"30,376","Aug 18, 2022"
17-08-2022,82.65,84.75,81.20,81.65,81.65,"11,477","Aug 17, 2022"
16-08-2022,82.50,86.00,82.50,84.15,84.15,"17,609","Aug 16, 2022"
12-08-2022,83.70,84.90,81.65,84.35,84.35,"18,942","Aug 12, 2022"
11-08-2022,81.25,84.65,80.95,82.05,82.05,"15,532","Aug 11, 2022"
10-08-2022,84.35,85.90,80.55,81.25,81.25,"17,730","Aug 10, 2022"
08-08-2022,78.90,84.85,77.95,82.70,82.70,"51,438","Aug 08, 2022"
05-08-2022,76.90,79.00,75.00,77.70,77.70,"32,585","Aug 05, 2022"
04-08-2022,82.45,83.00,77.40,78.50,78.50,"28,170","Aug 04, 2022"
03-08-2022,80.65,82.70,79.10,80.30,80.30,"10,050","Aug 03, 2022"
02-08-2022,77.60,81.10,77.00,80.65,80.65,"20,711","Aug 02, 2022"
01-08-2022,77.00,78.50,75.65,77.60,77.60,"17,103","Aug 01, 2022"
29-07-2022,79.90,79.90,76.90,77.70,77.70,"8,126","Jul 29, 2022"
28-07-2022,77.05,78.50,76.20,77.00,77.00,"12,208","Jul 28, 2022"
27-07-2022,78.00,78.00,75.55,76.85,76.85,"9,526","Jul 27, 2022"
26-07-2022,79.85,79.85,77.00,77.20,77.20,"11,407","Jul 26, 2022"
25-07-2022,76.30,78.00,75.55,77.25,77.25,"12,589","Jul 25, 2022"
22-07-2022,75.00,77.25,74.40,76.30,76.30,"32,910","Jul 22, 2022"
21-07-2022,74.80,75.90,74.10,74.30,74.30,"12,189","Jul 21, 2022"
20-07-2022,73.60,76.15,72.10,73.20,73.20,"29,246","Jul 20, 2022"
19-07-2022,72.85,72.95,70.80,72.25,72.25,"19,127","Jul 19, 2022"
18-07-2022,72.55,73.00,71.55,72.40,72.40,"14,081","Jul 18, 2022"
15-07-2022,70.20,72.80,70.20,71.55,71.55,"6,798","Jul 15, 2022"
14-07-2022,73.50,73.50,70.00,71.65,71.65,"12,325","Jul 14, 2022"
13-07-2022,72.55,72.55,70.65,71.15,71.15,"10,860","Jul 13, 2022"
12-07-2022,71.35,72.65,71.00,71.40,71.40,"11,075","Jul 12, 2022"
11-07-2022,72.40,72.40,70.00,71.35,71.35,"7,934","Jul 11, 2022"
08-07-2022,72.05,72.70,70.55,71.10,71.10,"9,210","Jul 08, 2022"
07-07-2022,70.50,72.70,70.50,71.20,71.20,"8,102","Jul 07, 2022"
06-07-2022,73.00,73.00,68.60,69.90,69.90,"13,869","Jul 06, 2022"
05-07-2022,72.00,73.75,71.00,71.55,71.55,"20,248","Jul 05, 2022"
04-07-2022,69.00,72.40,67.85,71.20,71.20,"26,005","Jul 04, 2022"
01-07-2022,73.10,75.60,62.35,68.25,68.25,"84,422","Jul 01, 2022"
30-06-2022,76.60,77.00,72.75,73.10,73.10,"12,967","Jun 30, 2022"
29-06-2022,74.95,81.90,73.50,75.85,75.85,"79,053","Jun 29, 2022"
28-06-2022,77.60,77.60,73.10,73.65,73.65,"9,459","Jun 28, 2022"
27-06-2022,77.00,78.10,73.55,75.70,75.70,"14,225","Jun 27, 2022"
24-06-2022,71.45,75.00,71.45,73.85,73.85,"14,353","Jun 24, 2022"
23-06-2022,72.75,73.00,70.55,71.45,71.45,"8,758","Jun 23, 2022"
22-06-2022,73.25,73.25,70.55,70.65,70.65,"10,488","Jun 22, 2022"
21-06-2022,73.25,74.65,70.55,72.40,72.40,"11,859","Jun 21, 2022"
20-06-2022,76.25,76.25,71.00,71.55,71.55,"11,072","Jun 20, 2022"
17-06-2022,72.80,76.00,71.10,74.95,74.95,"33,005","Jun 17, 2022"
16-06-2022,75.55,76.85,69.50,71.80,71.80,"43,098","Jun 16, 2022"
15-06-2022,75.65,76.15,74.05,74.40,74.40,"12,407","Jun 15, 2022"
14-06-2022,85.50,85.50,73.70,74.55,74.55,"51,693","Jun 14, 2022"
13-06-2022,89.65,89.85,80.30,81.75,81.75,"27,714","Jun 13, 2022"
10-06-2022,88.90,91.00,88.10,88.40,88.40,"9,797","Jun 10, 2022"
09-06-2022,88.00,90.90,88.00,89.70,89.70,"6,069","Jun 09, 2022"
08-06-2022,90.25,92.75,88.25,89.00,89.00,"10,806","Jun 08, 2022"
07-06-2022,88.40,90.90,88.10,90.30,90.30,"20,045","Jun 07, 2022"
06-06-2022,87.65,89.85,87.65,88.40,88.40,"10,127","Jun 06, 2022"
03-06-2022,90.45,93.65,88.60,88.95,88.95,"26,012","Jun 03, 2022"
02-06-2022,91.70,91.70,89.50,89.80,89.80,"18,502","Jun 02, 2022"
01-06-2022,90.25,94.50,89.50,90.90,90.90,"32,375","Jun 01, 2022"
31-05-2022,90.55,91.60,88.20,89.00,89.00,"20,818","May 31, 2022"
30-05-2022,90.40,91.95,88.90,89.40,89.40,"23,018","May 30, 2022"
27-05-2022,89.40,91.15,88.05,89.10,89.10,"15,602","May 27, 2022"
26-05-2022,92.60,105.40,87.00,87.55,87.55,"81,998","May 26, 2022"
25-05-2022,93.80,93.80,88.05,88.95,88.95,"20,329","May 25, 2022"
24-05-2022,90.50,96.00,88.65,91.30,91.30,"43,127","May 24, 2022"
23-05-2022,94.00,94.00,88.25,89.80,89.80,"22,129","May 23, 2022"
20-05-2022,92.65,94.25,91.45,92.70,92.70,"19,185","May 20, 2022"
19-05-2022,93.15,93.15,90.25,91.80,91.80,"12,684","May 19, 2022"
18-05-2022,94.90,96.30,93.50,94.05,94.05,"16,287","May 18, 2022"
17-05-2022,92.00,95.00,90.60,94.30,94.30,"46,608","May 17, 2022"
16-05-2022,88.35,92.60,88.10,90.90,90.90,"33,998","May 16, 2022"
13-05-2022,90.65,93.50,87.55,88.20,88.20,"66,576","May 13, 2022"
12-05-2022,96.10,98.00,88.00,89.25,89.25,"102,357","May 12, 2022"
11-05-2022,105.00,105.45,95.35,101.55,101.55,"68,723","May 11, 2022"
10-05-2022,104.00,106.90,101.65,102.60,102.60,"43,882","May 10, 2022"
09-05-2022,108.45,108.45,102.55,104.30,104.30,"42,022","May 09, 2022"
06-05-2022,107.10,108.65,104.30,106.30,106.30,"33,646","May 06, 2022"
05-05-2022,110.00,113.40,108.60,109.70,109.70,"31,518","May 05, 2022"
04-05-2022,113.25,115.95,107.35,108.85,108.85,"53,643","May 04, 2022"
02-05-2022,112.95,117.85,111.15,113.75,113.75,"62,032","May 02, 2022"
29-04-2022,114.95,118.65,111.80,113.35,113.35,"83,071","Apr 29, 2022"
28-04-2022,114.95,116.15,111.25,112.10,112.10,"28,025","Apr 28, 2022"
27-04-2022,112.00,116.55,110.95,112.80,112.80,"26,417","Apr 27, 2022"
26-04-2022,113.00,119.85,110.20,113.50,113.50,"115,362","Apr 26, 2022"
25-04-2022,113.60,116.90,110.45,111.70,111.70,"74,250","Apr 25, 2022"
22-04-2022,119.95,120.70,116.00,116.60,116.60,"47,353","Apr 22, 2022"
21-04-2022,120.35,124.30,117.30,119.15,119.15,"77,762","Apr 21, 2022"
20-04-2022,126.80,128.80,116.85,118.80,118.80,"434,909","Apr 20, 2022"
19-04-2022,108.70,128.00,107.00,123.65,123.65,"1,060,517","Apr 19, 2022"
18-04-2022,107.75,108.85,105.10,106.70,106.70,"30,554","Apr 18, 2022"
13-04-2022,109.00,110.00,106.55,107.05,107.05,"36,942","Apr 13, 2022"
12-04-2022,107.00,108.65,105.10,106.15,106.15,"31,353","Apr 12, 2022"
11-04-2022,105.10,111.90,104.35,108.65,108.65,"103,558","Apr 11, 2022"
08-04-2022,105.15,107.85,105.15,105.60,105.60,"17,488","Apr 08, 2022"
07-04-2022,105.00,110.00,104.25,105.15,105.15,"69,609","Apr 07, 2022"
06-04-2022,104.20,108.65,104.20,106.10,106.10,"34,625","Apr 06, 2022"
05-04-2022,109.00,109.00,106.00,106.25,106.25,"27,769","Apr 05, 2022"
04-04-2022,106.90,110.45,105.30,106.80,106.80,"54,584","Apr 04, 2022"
01-04-2022,103.60,108.75,102.65,106.00,106.00,"52,254","Apr 01, 2022"
31-03-2022,103.15,105.95,100.10,101.10,101.10,"23,083","Mar 31, 2022"
30-03-2022,101.30,105.20,101.25,103.95,103.95,"30,879","Mar 30, 2022"
29-03-2022,102.00,104.40,97.95,99.85,99.85,"28,610","Mar 29, 2022"
28-03-2022,103.90,105.30,101.25,101.90,101.90,"22,361","Mar 28, 2022"
25-03-2022,107.80,107.90,103.20,103.85,103.85,"24,589","Mar 25, 2022"
24-03-2022,110.00,110.00,105.20,106.25,106.25,"29,376","Mar 24, 2022"
23-03-2022,111.95,111.95,106.65,107.15,107.15,"27,769","Mar 23, 2022"
22-03-2022,110.95,111.80,107.00,109.45,109.45,"39,158","Mar 22, 2022"
21-03-2022,107.60,114.00,106.45,110.10,110.10,"128,771","Mar 21, 2022"
17-03-2022,106.75,108.80,104.35,106.25,106.25,"23,472","Mar 17, 2022"
16-03-2022,109.00,109.00,104.70,106.75,106.75,"16,284","Mar 16, 2022"
15-03-2022,108.80,108.80,104.00,104.30,104.30,"21,002","Mar 15, 2022"
14-03-2022,106.50,110.85,104.55,106.05,106.05,"29,535","Mar 14, 2022"
11-03-2022,104.90,106.75,102.60,106.25,106.25,"34,798","Mar 11, 2022"
10-03-2022,106.40,106.50,100.25,102.20,102.20,"18,730","Mar 10, 2022"
09-03-2022,101.55,103.50,100.55,102.50,102.50,"22,340","Mar 09, 2022"
08-03-2022,101.95,103.00,99.10,99.95,99.95,"16,808","Mar 08, 2022"
07-03-2022,98.10,101.65,96.40,99.25,99.25,"13,130","Mar 07, 2022"
04-03-2022,101.40,102.20,99.10,99.95,99.95,"21,159","Mar 04, 2022"
03-03-2022,104.00,104.85,100.55,101.40,101.40,"21,836","Mar 03, 2022"
02-03-2022,100.40,103.40,99.90,101.95,101.95,"26,959","Mar 02, 2022"
28-02-2022,101.00,103.70,98.00,102.20,102.20,"24,816","Feb 28, 2022"
25-02-2022,95.50,105.95,95.50,102.45,102.45,"60,901","Feb 25, 2022"
24-02-2022,98.00,99.55,91.25,92.65,92.65,"75,660","Feb 24, 2022"
23-02-2022,100.80,107.75,100.80,102.95,102.95,"31,268","Feb 23, 2022"
22-02-2022,100.45,115.90,96.75,101.75,101.75,"53,647","Feb 22, 2022"
21-02-2022,108.50,111.00,104.05,105.95,105.95,"29,648","Feb 21, 2022"
18-02-2022,110.00,114.10,106.10,108.20,108.20,"31,428","Feb 18, 2022"
17-02-2022,116.80,118.55,111.45,112.20,112.20,"28,065","Feb 17, 2022"
16-02-2022,109.00,117.10,109.00,114.95,114.95,"70,834","Feb 16, 2022"
15-02-2022,110.00,115.00,105.80,107.80,107.80,"66,177","Feb 15, 2022"
14-02-2022,114.50,115.70,105.40,109.20,109.20,"158,713","Feb 14, 2022"
11-02-2022,123.95,123.95,119.00,119.50,119.50,"51,050","Feb 11, 2022"
10-02-2022,120.30,127.50,118.50,122.10,122.10,"185,673","Feb 10, 2022"
09-02-2022,120.25,122.10,119.15,120.25,120.25,"35,678","Feb 09, 2022"
08-02-2022,125.70,125.70,118.50,120.05,120.05,"47,754","Feb 08, 2022"
07-02-2022,126.80,126.80,121.50,123.50,123.50,"32,859","Feb 07, 2022"
04-02-2022,126.50,128.00,122.00,123.55,123.55,"39,546","Feb 04, 2022"
03-02-2022,123.85,131.00,120.90,126.35,126.35,"178,146","Feb 03, 2022"
02-02-2022,121.40,124.00,119.00,122.35,122.35,"57,550","Feb 02, 2022"
01-02-2022,120.15,122.40,118.25,119.85,119.85,"36,990","Feb 01, 2022"
31-01-2022,122.55,124.90,118.50,119.65,119.65,"49,002","Jan 31, 2022"
28-01-2022,128.50,128.50,121.85,122.55,122.55,"82,186","Jan 28, 2022"
27-01-2022,116.10,128.65,116.10,127.30,127.30,"194,026","Jan 27, 2022"
25-01-2022,115.80,121.45,112.50,120.25,120.25,"90,848","Jan 25, 2022"
24-01-2022,122.65,123.90,115.95,118.15,118.15,"124,932","Jan 24, 2022"
21-01-2022,124.85,129.45,120.50,122.65,122.65,"467,788","Jan 21, 2022"
20-01-2022,124.40,127.15,116.00,126.20,126.20,"853,668","Jan 20, 2022"
19-01-2022,127.40,128.90,124.15,126.15,126.15,"150,873","Jan 19, 2022"
18-01-2022,128.00,130.55,124.10,126.05,126.05,"226,320","Jan 18, 2022"
17-01-2022,128.45,132.35,124.60,127.65,127.65,"271,431","Jan 17, 2022"
14-01-2022,120.55,130.50,117.15,128.30,128.30,"508,333","Jan 14, 2022"
13-01-2022,124.00,126.90,119.30,120.75,120.75,"222,124","Jan 13, 2022"
12-01-2022,124.60,137.00,120.20,124.70,124.70,"1,592,341","Jan 12, 2022"
11-01-2022,114.00,126.75,114.00,122.30,122.30,"1,149,790","Jan 11, 2022"
10-01-2022,111.25,116.70,105.05,113.50,113.50,"434,418","Jan 10, 2022"
07-01-2022,110.50,111.90,105.55,109.40,109.40,"172,146","Jan 07, 2022"
06-01-2022,106.80,111.90,104.00,109.20,109.20,"201,856","Jan 06, 2022"
05-01-2022,103.00,117.60,102.30,107.80,107.80,"800,441","Jan 05, 2022"
04-01-2022,112.50,118.00,102.50,104.50,104.50,"828,826","Jan 04, 2022"
03-01-2022,96.00,110.80,95.15,110.80,110.80,"1,115,515","Jan 03, 2022"
31-12-2021,82.50,97.00,82.50,92.35,92.35,"1,208,297","Dec 31, 2021"
30-12-2021,79.85,85.50,78.95,82.70,82.70,"36,800","Dec 30, 2021"
29-12-2021,80.70,80.70,78.05,79.15,79.15,"16,856","Dec 29, 2021"
28-12-2021,80.75,80.75,77.30,79.55,79.55,"23,173","Dec 28, 2021"
27-12-2021,83.85,83.95,75.35,78.25,78.25,"69,244","Dec 27, 2021"
24-12-2021,81.25,83.75,80.50,82.80,82.80,"13,024","Dec 24, 2021"
23-12-2021,81.05,84.50,80.50,81.65,81.65,"15,783","Dec 23, 2021"
22-12-2021,81.25,84.45,80.80,82.35,82.35,"26,569","Dec 22, 2021"
21-12-2021,79.00,81.90,78.95,80.45,80.45,"16,650","Dec 21, 2021"
20-12-2021,79.95,80.05,76.10,78.45,78.45,"21,563","Dec 20, 2021"
17-12-2021,82.15,83.45,77.20,80.05,80.05,"35,555","Dec 17, 2021"
16-12-2021,86.70,86.70,82.20,82.95,82.95,"20,926","Dec 16, 2021"
15-12-2021,88.40,88.40,83.10,84.20,84.20,"25,888","Dec 15, 2021"
14-12-2021,85.00,87.40,83.00,85.75,85.75,"21,067","Dec 14, 2021"
13-12-2021,87.60,89.80,83.80,85.10,85.10,"50,002","Dec 13, 2021"
10-12-2021,87.95,89.75,87.10,87.60,87.60,"21,122","Dec 10, 2021"
09-12-2021,89.40,91.30,87.00,87.95,87.95,"116,659","Dec 09, 2021"
09-12-2021,1 Dividend,,,,,,"Dec 09, 2021"
08-12-2021,86.70,89.95,85.05,87.65,86.65,"114,312","Dec 08, 2021"
07-12-2021,84.80,87.45,83.05,85.30,84.33,"55,153","Dec 07, 2021"
06-12-2021,83.60,85.95,82.45,82.80,81.86,"26,187","Dec 06, 2021"
03-12-2021,83.50,84.00,77.35,81.90,80.97,"36,809","Dec 03, 2021"
02-12-2021,84.50,84.80,81.05,82.20,81.26,"20,411","Dec 02, 2021"
01-12-2021,84.00,84.50,80.55,82.25,81.31,"23,801","Dec 01, 2021"
30-11-2021,84.70,84.70,80.50,81.35,80.42,"20,427","Nov 30, 2021"
29-11-2021,82.00,85.45,80.25,80.60,79.68,"25,224","Nov 29, 2021"
26-11-2021,85.80,85.80,82.25,84.15,83.19,"37,264","Nov 26, 2021"
25-11-2021,85.40,86.45,83.05,85.20,84.23,"20,595","Nov 25, 2021"
24-11-2021,84.90,86.30,80.05,83.40,82.45,"56,325","Nov 24, 2021"
23-11-2021,78.60,85.25,78.00,83.60,82.65,"38,859","Nov 23, 2021"
22-11-2021,81.20,84.95,79.10,80.35,79.43,"28,115","Nov 22, 2021"
18-11-2021,85.35,86.75,83.35,83.85,82.89,"20,044","Nov 18, 2021"
17-11-2021,84.80,87.95,84.00,85.25,84.28,"31,661","Nov 17, 2021"
16-11-2021,88.40,90.00,83.80,84.75,83.78,"43,228","Nov 16, 2021"
15-11-2021,83.80,89.80,83.50,87.45,86.45,"72,763","Nov 15, 2021"
12-11-2021,83.45,85.00,83.40,84.05,83.09,"13,056","Nov 12, 2021"
11-11-2021,83.10,85.00,81.25,83.45,82.50,"24,034","Nov 11, 2021"
10-11-2021,84.35,85.95,81.65,83.70,82.75,"23,590","Nov 10, 2021"
09-11-2021,86.00,86.05,84.00,84.20,83.24,"17,156","Nov 09, 2021"
08-11-2021,87.00,87.00,84.30,84.85,83.88,"13,871","Nov 08, 2021"
04-11-2021,85.85,86.50,84.70,85.70,84.72,"9,089","Nov 04, 2021"
03-11-2021,87.50,87.50,84.05,84.60,83.63,"25,073","Nov 03, 2021"
02-11-2021,91.35,91.90,84.25,85.25,84.28,"97,853","Nov 02, 2021"
01-11-2021,87.65,92.80,83.05,87.65,86.65,"127,168","Nov 01, 2021"
29-10-2021,82.95,86.00,81.20,83.00,82.05,"29,968","Oct 29, 2021"
28-10-2021,84.00,85.00,81.35,82.95,82.00,"40,494","Oct 28, 2021"
27-10-2021,84.00,87.00,83.30,83.95,82.99,"34,400","Oct 27, 2021"
26-10-2021,85.00,87.30,83.10,84.75,83.78,"25,791","Oct 26, 2021"
25-10-2021,89.90,89.90,83.10,84.80,83.83,"50,100","Oct 25, 2021"
22-10-2021,88.00,92.70,86.95,87.95,86.95,"140,749","Oct 22, 2021"
21-10-2021,87.00,94.95,85.25,87.35,86.35,"355,907","Oct 21, 2021"
20-10-2021,82.00,86.00,80.45,83.55,82.60,"99,930","Oct 20, 2021"
19-10-2021,90.00,92.00,81.00,83.15,82.20,"540,753","Oct 19, 2021"
18-10-2021,77.75,84.80,76.10,83.45,82.50,"522,532","Oct 18, 2021"
14-10-2021,76.00,81.20,75.00,77.85,76.96,"155,648","Oct 14, 2021"
13-10-2021,84.00,84.00,73.95,75.35,74.49,"170,332","Oct 13, 2021"
12-10-2021,73.15,82.40,70.60,80.60,79.68,"386,853","Oct 12, 2021"
11-10-2021,72.25,74.90,71.80,73.20,72.36,"25,033","Oct 11, 2021"
08-10-2021,76.70,76.70,71.60,72.40,71.57,"52,377","Oct 08, 2021"
07-10-2021,70.90,78.50,69.35,74.20,73.35,"357,410","Oct 07, 2021"
06-10-2021,69.45,72.80,69.00,69.75,68.95,"29,607","Oct 06, 2021"
05-10-2021,67.00,71.50,65.95,69.45,68.66,"81,777","Oct 05, 2021"
04-10-2021,65.90,67.00,63.75,66.40,65.64,"14,767","Oct 04, 2021"
01-10-2021,65.60,66.55,63.20,63.85,63.12,"25,580","Oct 01, 2021"
30-09-2021,68.50,69.55,66.00,66.05,65.30,"16,758","Sep 30, 2021"
29-09-2021,67.95,68.10,66.50,67.80,67.03,"14,544","Sep 29, 2021"
28-09-2021,66.00,67.95,66.00,66.95,66.19,"15,733","Sep 28, 2021"
27-09-2021,66.20,67.80,65.30,66.35,65.59,"19,530","Sep 27, 2021"
24-09-2021,66.20,68.00,65.20,66.00,65.25,"22,777","Sep 24, 2021"
23-09-2021,62.15,66.55,62.15,65.75,65.00,"21,740","Sep 23, 2021"
22-09-2021,61.95,64.45,61.35,64.20,63.47,"5,800","Sep 22, 2021"
21-09-2021,63.10,64.55,60.60,61.70,61.00,"17,057","Sep 21, 2021"
20-09-2021,63.10,63.20,61.00,62.55,61.84,"10,729","Sep 20, 2021"
17-09-2021,66.05,66.95,61.20,63.10,62.38,"42,267","Sep 17, 2021"
16-09-2021,66.50,67.95,65.35,65.95,65.20,"9,549","Sep 16, 2021"
15-09-2021,66.95,69.00,65.50,66.50,65.74,"7,250","Sep 15, 2021"
14-09-2021,66.20,68.00,65.60,66.75,65.99,"19,304","Sep 14, 2021"
13-09-2021,66.95,67.85,65.45,66.05,65.30,"15,812","Sep 13, 2021"
09-09-2021,67.90,68.00,66.10,66.85,66.09,"14,681","Sep 09, 2021"
08-09-2021,66.45,69.50,66.25,67.80,67.03,"41,631","Sep 08, 2021"
07-09-2021,65.15,68.85,64.00,66.25,65.49,"38,228","Sep 07, 2021"
06-09-2021,66.45,66.85,64.95,65.65,64.90,"12,222","Sep 06, 2021"
03-09-2021,66.45,67.35,65.10,65.80,65.05,"18,764","Sep 03, 2021"
02-09-2021,65.75,66.95,65.30,65.75,65.00,"15,174","Sep 02, 2021"
01-09-2021,63.95,68.00,63.95,64.95,64.21,"22,391","Sep 01, 2021"
31-08-2021,66.20,67.70,63.55,63.90,63.17,"25,253","Aug 31, 2021"
30-08-2021,66.70,67.35,65.70,66.15,65.40,"15,296","Aug 30, 2021"
27-08-2021,68.00,68.00,65.70,66.20,65.44,"7,520","Aug 27, 2021"
26-08-2021,68.80,68.80,65.35,67.30,66.53,"21,973","Aug 26, 2021"
25-08-2021,66.25,69.30,65.50,66.75,65.99,"43,849","Aug 25, 2021"
24-08-2021,63.60,66.30,61.10,65.25,64.51,"22,815","Aug 24, 2021"
23-08-2021,66.15,67.85,60.40,62.50,61.79,"88,218","Aug 23, 2021"
20-08-2021,67.00,71.00,64.95,66.30,65.54,"29,560","Aug 20, 2021"
18-08-2021,68.75,69.75,66.10,67.75,66.98,"12,970","Aug 18, 2021"
17-08-2021,71.50,72.70,67.05,68.70,67.92,"17,377","Aug 17, 2021"
16-08-2021,72.50,74.00,70.00,70.70,69.89,"12,982","Aug 16, 2021"
13-08-2021,70.45,75.70,70.40,72.50,71.67,"43,251","Aug 13, 2021"
12-08-2021,71.80,74.00,70.10,70.70,69.89,"38,844","Aug 12, 2021"
11-08-2021,68.00,73.40,64.05,71.75,70.93,"97,139","Aug 11, 2021"
10-08-2021,79.45,79.45,70.45,70.45,69.65,"160,303","Aug 10, 2021"
09-08-2021,73.00,79.50,73.00,78.25,77.36,"309,051","Aug 09, 2021"
06-08-2021,72.70,74.40,71.60,72.60,71.77,"108,377","Aug 06, 2021"
05-08-2021,73.05,73.05,71.00,71.30,70.49,"188,406","Aug 05, 2021"
04-08-2021,70.80,72.00,68.25,69.60,68.81,"40,006","Aug 04, 2021"
03-08-2021,71.75,72.20,69.05,70.75,69.94,"58,603","Aug 03, 2021"
02-08-2021,66.75,69.40,65.45,69.40,68.61,"69,229","Aug 02, 2021"
30-07-2021,66.05,67.50,65.25,66.10,65.35,"25,555","Jul 30, 2021"
29-07-2021,65.35,68.60,65.35,66.50,65.74,"25,837","Jul 29, 2021"
28-07-2021,68.00,68.05,64.95,66.30,65.54,"47,829","Jul 28, 2021"
27-07-2021,70.65,71.20,67.60,67.95,67.17,"30,944","Jul 27, 2021"
26-07-2021,71.90,71.90,68.60,69.25,68.46,"34,637","Jul 26, 2021"
23-07-2021,74.80,74.80,68.60,69.65,68.86,"70,430","Jul 23, 2021"
22-07-2021,72.10,72.10,71.45,72.10,71.28,"73,433","Jul 22, 2021"
20-07-2021,65.00,68.70,62.60,68.70,67.92,"104,956","Jul 20, 2021"
19-07-2021,64.70,65.50,63.05,65.45,64.70,"21,454","Jul 19, 2021"
16-07-2021,64.00,65.00,62.40,64.70,63.96,"18,601","Jul 16, 2021"
15-07-2021,63.60,64.00,62.15,62.30,61.59,"10,404","Jul 15, 2021"
14-07-2021,64.30,64.50,62.40,63.60,62.87,"10,602","Jul 14, 2021"
13-07-2021,63.05,65.75,62.15,64.35,63.62,"9,075","Jul 13, 2021"
12-07-2021,64.30,65.50,63.00,63.60,62.87,"5,168","Jul 12, 2021"
09-07-2021,64.00,65.90,63.35,64.30,63.57,"6,216","Jul 09, 2021"
08-07-2021,64.00,65.30,63.05,63.45,62.73,"6,824","Jul 08, 2021"
07-07-2021,63.75,66.00,63.05,64.60,63.86,"14,650","Jul 07, 2021"
06-07-2021,67.00,67.00,64.55,65.10,64.36,"7,424","Jul 06, 2021"
05-07-2021,67.95,67.95,64.80,65.65,64.90,"21,249","Jul 05, 2021"
02-07-2021,64.00,67.00,63.15,66.20,65.44,"25,073","Jul 02, 2021"
01-07-2021,61.50,65.95,61.45,64.75,64.01,"39,219","Jul 01, 2021"
30-06-2021,64.00,66.00,63.50,64.05,63.32,"9,938","Jun 30, 2021"
29-06-2021,64.10,64.10,63.00,63.30,62.58,"3,913","Jun 29, 2021"
28-06-2021,64.65,64.65,63.00,63.60,62.87,"5,186","Jun 28, 2021"
25-06-2021,64.00,66.00,63.45,63.60,62.87,"13,536","Jun 25, 2021"
24-06-2021,64.00,66.70,64.00,64.65,63.91,"25,855","Jun 24, 2021"
23-06-2021,63.00,66.20,63.00,65.60,64.85,"25,838","Jun 23, 2021"
22-06-2021,64.50,66.00,63.05,64.15,63.42,"17,760","Jun 22, 2021"
21-06-2021,63.00,66.50,60.25,63.20,62.48,"22,264","Jun 21, 2021"
18-06-2021,65.40,65.40,61.55,63.35,62.63,"23,588","Jun 18, 2021"
17-06-2021,63.90,65.50,63.00,64.75,64.01,"11,623","Jun 17, 2021"
16-06-2021,67.05,67.05,63.10,63.60,62.87,"20,672","Jun 16, 2021"
15-06-2021,65.80,67.00,63.15,65.70,64.95,"11,778","Jun 15, 2021"
14-06-2021,65.70,65.80,62.55,64.95,64.21,"8,188","Jun 14, 2021"
11-06-2021,66.50,67.90,64.50,65.70,64.95,"15,589","Jun 11, 2021"
10-06-2021,62.00,66.15,62.00,65.75,65.00,"20,592","Jun 10, 2021"
09-06-2021,64.00,64.95,62.80,63.00,62.28,"22,544","Jun 09, 2021"
08-06-2021,63.80,65.95,62.10,64.05,63.32,"32,956","Jun 08, 2021"
07-06-2021,68.80,68.80,64.10,65.20,64.46,"18,957","Jun 07, 2021"
04-06-2021,66.65,69.95,64.50,66.85,66.09,"25,675","Jun 04, 2021"
03-06-2021,68.25,69.00,65.65,66.65,65.89,"37,221","Jun 03, 2021"
02-06-2021,68.75,71.50,67.55,69.10,68.31,"119,084","Jun 02, 2021"
01-06-2021,71.80,73.90,68.00,68.75,67.97,"160,796","Jun 01, 2021"
31-05-2021,70.00,74.00,70.00,70.35,69.55,"395,452","May 31, 2021"
28-05-2021,61.65,69.50,59.50,67.95,67.17,"1,058,996","May 28, 2021"
27-05-2021,61.30,63.35,60.00,60.45,59.76,"147,228","May 27, 2021"
26-05-2021,55.65,63.00,55.25,60.55,59.86,"434,327","May 26, 2021"
25-05-2021,56.90,57.25,54.00,54.55,53.93,"37,202","May 25, 2021"
24-05-2021,52.95,59.00,52.95,55.65,55.02,"349,837","May 24, 2021"
21-05-2021,52.25,53.50,52.20,52.95,52.35,"11,170","May 21, 2021"
20-05-2021,52.70,54.20,52.40,52.55,51.95,"8,761","May 20, 2021"
19-05-2021,52.40,55.50,52.35,53.10,52.49,"54,333","May 19, 2021"
18-05-2021,51.00,55.80,48.10,52.35,51.75,"159,714","May 18, 2021"
17-05-2021,50.05,51.55,49.50,49.95,49.38,"19,209","May 17, 2021"
14-05-2021,50.10,52.95,50.10,50.30,49.73,"26,378","May 14, 2021"
12-05-2021,51.85,51.85,50.00,50.10,49.53,"23,265","May 12, 2021"
11-05-2021,53.60,53.60,50.00,50.65,50.07,"32,699","May 11, 2021"
10-05-2021,49.65,56.70,48.00,52.00,51.41,"452,327","May 10, 2021"
07-05-2021,49.25,51.45,48.00,48.45,47.90,"27,435","May 07, 2021"
06-05-2021,45.00,50.40,44.95,49.60,49.03,"44,715","May 06, 2021"
05-05-2021,45.95,46.75,44.65,45.30,44.78,"7,705","May 05, 2021"
04-05-2021,48.40,48.40,45.55,45.90,45.38,"7,216","May 04, 2021"
03-05-2021,46.55,47.35,45.60,47.05,46.51,"1,874","May 03, 2021"
30-04-2021,47.85,48.00,46.35,46.90,46.36,"16,598","Apr 30, 2021"
29-04-2021,46.20,48.05,44.70,46.35,45.82,"14,364","Apr 29, 2021"
28-04-2021,47.40,48.70,45.50,46.05,45.52,"21,030","Apr 28, 2021"
27-04-2021,50.00,51.90,46.75,47.00,46.46,"38,389","Apr 27, 2021"
26-04-2021,42.20,50.55,42.15,49.70,49.13,"84,324","Apr 26, 2021"
23-04-2021,42.20,42.65,41.80,42.15,41.67,"2,823","Apr 23, 2021"
22-04-2021,44.30,44.30,42.05,42.50,42.02,"6,087","Apr 22, 2021"
20-04-2021,42.20,44.00,42.20,43.35,42.86,"2,654","Apr 20, 2021"
19-04-2021,42.45,44.75,41.20,42.00,41.52,"4,377","Apr 19, 2021"
16-04-2021,44.80,45.80,44.70,44.85,44.34,"2,652","Apr 16, 2021"
15-04-2021,44.35,45.00,44.00,44.85,44.34,"3,772","Apr 15, 2021"
13-04-2021,44.70,45.75,44.70,45.15,44.63,"3,519","Apr 13, 2021"
12-04-2021,47.90,48.00,44.50,44.80,44.29,"7,739","Apr 12, 2021"
09-04-2021,48.05,48.30,47.85,48.05,47.50,"2,348","Apr 09, 2021"
08-04-2021,47.15,49.00,47.15,48.60,48.05,"7,577","Apr 08, 2021"
07-04-2021,48.00,48.95,47.05,47.75,47.21,"6,608","Apr 07, 2021"
06-04-2021,46.15,49.50,46.15,48.05,47.50,"11,410","Apr 06, 2021"
05-04-2021,46.95,48.50,45.45,46.75,46.22,"13,575","Apr 05, 2021"
01-04-2021,45.20,47.45,45.20,46.70,46.17,"6,666","Apr 01, 2021"
31-03-2021,45.50,46.40,44.55,45.10,44.59,"17,935","Mar 31, 2021"
30-03-2021,47.00,47.60,45.45,46.00,45.48,"6,521","Mar 30, 2021"
26-03-2021,48.40,49.00,46.00,47.15,46.61,"12,605","Mar 26, 2021"
25-03-2021,48.00,49.15,47.10,48.20,47.65,"11,549","Mar 25, 2021"
24-03-2021,49.10,49.75,47.60,48.00,47.45,"4,513","Mar 24, 2021"
23-03-2021,48.70,49.90,47.00,49.00,48.44,"16,023","Mar 23, 2021"
22-03-2021,46.80,49.85,46.80,48.60,48.05,"24,409","Mar 22, 2021"
19-03-2021,44.20,46.15,44.05,45.45,44.93,"9,681","Mar 19, 2021"
18-03-2021,46.60,47.60,44.10,44.60,44.09,"27,625","Mar 18, 2021"
17-03-2021,47.95,48.15,46.00,46.60,46.07,"8,597","Mar 17, 2021"
16-03-2021,46.65,52.45,46.20,47.70,47.16,"24,827","Mar 16, 2021"
15-03-2021,47.70,48.90,46.30,47.00,46.46,"11,674","Mar 15, 2021"
12-03-2021,48.75,49.25,47.00,47.90,47.35,"4,922","Mar 12, 2021"
10-03-2021,47.55,50.00,47.50,48.75,48.19,"11,634","Mar 10, 2021"
09-03-2021,49.45,51.50,46.20,47.95,47.40,"18,776","Mar 09, 2021"
08-03-2021,51.75,51.75,47.60,49.25,48.69,"19,568","Mar 08, 2021"
05-03-2021,50.35,52.20,48.25,49.40,48.84,"30,019","Mar 05, 2021"
04-03-2021,48.00,57.00,48.00,50.85,50.27,"248,484","Mar 04, 2021"
03-03-2021,45.35,50.00,44.70,47.85,47.30,"19,246","Mar 03, 2021"
02-03-2021,44.55,46.00,44.50,45.95,45.43,"2,115","Mar 02, 2021"
01-03-2021,46.95,46.95,44.10,45.50,44.98,"3,657","Mar 01, 2021"
26-02-2021,44.90,46.00,44.60,45.20,44.68,"6,207","Feb 26, 2021"
25-02-2021,46.90,46.90,44.00,44.90,44.39,"11,865","Feb 25, 2021"
24-02-2021,45.70,46.90,45.00,45.60,45.08,"13,480","Feb 24, 2021"
23-02-2021,46.10,46.85,45.10,45.40,44.88,"5,358","Feb 23, 2021"
22-02-2021,46.20,49.00,46.00,46.20,45.67,"6,487","Feb 22, 2021"
19-02-2021,47.95,48.40,47.50,47.90,47.35,"2,187","Feb 19, 2021"
18-02-2021,49.00,49.45,46.80,47.65,47.11,"11,974","Feb 18, 2021"
17-02-2021,48.00,49.90,46.80,47.70,47.16,"10,110","Feb 17, 2021"
16-02-2021,49.65,49.70,46.80,48.50,47.95,"8,174","Feb 16, 2021"
15-02-2021,48.05,50.00,47.60,48.35,47.80,"9,184","Feb 15, 2021"
12-02-2021,49.05,49.95,47.50,47.75,47.21,"8,619","Feb 12, 2021"
11-02-2021,50.05,50.75,48.60,49.15,48.59,"5,500","Feb 11, 2021"
10-02-2021,52.50,52.50,49.05,50.30,49.73,"5,168","Feb 10, 2021"
09-02-2021,50.25,52.80,50.15,50.65,50.07,"15,628","Feb 09, 2021"
08-02-2021,48.75,51.70,48.10,50.45,49.87,"12,403","Feb 08, 2021"
05-02-2021,50.75,50.85,48.70,48.85,48.29,"11,179","Feb 05, 2021"
04-02-2021,49.25,51.40,49.00,49.25,48.69,"9,766","Feb 04, 2021"
03-02-2021,49.35,50.85,49.35,49.65,49.08,"4,652","Feb 03, 2021"
02-02-2021,49.15,51.80,47.90,49.70,49.13,"17,410","Feb 02, 2021"
01-02-2021,47.25,50.00,47.25,49.15,48.59,"3,966","Feb 01, 2021"
29-01-2021,50.00,50.55,48.10,49.60,49.03,"9,010","Jan 29, 2021"
28-01-2021,47.55,50.15,46.60,48.95,48.39,"8,085","Jan 28, 2021"
27-01-2021,48.25,49.65,46.60,48.20,47.65,"13,874","Jan 27, 2021"
25-01-2021,50.90,50.90,47.35,48.25,47.70,"6,119","Jan 25, 2021"
22-01-2021,48.65,50.50,48.00,49.55,48.98,"20,062","Jan 22, 2021"
21-01-2021,51.20,51.90,49.10,49.80,49.23,"11,434","Jan 21, 2021"
20-01-2021,51.35,52.85,50.35,51.20,50.62,"11,917","Jan 20, 2021"
19-01-2021,51.85,52.70,50.50,52.00,51.41,"13,780","Jan 19, 2021"
18-01-2021,50.05,52.45,47.25,49.40,48.84,"13,356","Jan 18, 2021"
15-01-2021,49.70,50.80,49.70,50.55,49.97,"11,757","Jan 15, 2021"
14-01-2021,51.20,51.30,49.45,50.90,50.32,"5,898","Jan 14, 2021"
13-01-2021,54.05,54.05,50.80,51.15,50.57,"16,728","Jan 13, 2021"
12-01-2021,52.70,53.20,51.05,52.95,52.35,"16,860","Jan 12, 2021"
11-01-2021,52.70,53.80,51.10,51.30,50.71,"21,693","Jan 11, 2021"
08-01-2021,53.20,54.10,51.20,51.65,51.06,"29,587","Jan 08, 2021"
07-01-2021,53.70,55.75,52.50,53.05,52.44,"17,659","Jan 07, 2021"
06-01-2021,55.45,56.00,53.25,53.70,53.09,"20,428","Jan 06, 2021"
05-01-2021,56.90,56.90,54.10,54.45,53.83,"35,493","Jan 05, 2021"
04-01-2021,54.80,57.00,52.55,55.90,55.26,"41,094","Jan 04, 2021"
01-01-2021,54.75,56.75,51.80,53.15,52.54,"56,938","Jan 01, 2021"
31-12-2020,55.25,58.50,54.10,54.75,54.13,"110,477","Dec 31, 2020"
30-12-2020,62.60,62.60,53.60,55.25,54.62,"193,298","Dec 30, 2020"
29-12-2020,48.95,58.10,48.95,58.10,57.44,"509,076","Dec 29, 2020"
28-12-2020,49.00,49.00,46.35,48.45,47.90,"18,751","Dec 28, 2020"
24-12-2020,46.70,48.00,46.30,46.90,46.36,"15,127","Dec 24, 2020"
23-12-2020,44.40,47.05,44.10,45.95,45.43,"20,247","Dec 23, 2020"
22-12-2020,44.00,45.90,42.60,43.85,43.35,"32,117","Dec 22, 2020"
21-12-2020,49.90,49.90,43.20,43.85,43.35,"39,815","Dec 21, 2020"
18-12-2020,50.00,50.95,48.00,48.35,47.80,"18,946","Dec 18, 2020"
17-12-2020,48.55,52.45,47.55,49.05,48.49,"130,452","Dec 17, 2020"
16-12-2020,44.00,49.00,44.00,47.45,46.91,"146,546","Dec 16, 2020"
15-12-2020,43.55,46.40,42.30,43.90,43.40,"58,065","Dec 15, 2020"
14-12-2020,44.15,44.90,43.00,43.70,43.20,"6,313","Dec 14, 2020"
11-12-2020,44.95,45.80,43.20,43.90,43.40,"15,801","Dec 11, 2020"
10-12-2020,45.40,45.40,42.35,43.75,43.25,"6,709","Dec 10, 2020"
09-12-2020,43.95,46.50,43.55,44.85,44.34,"33,649","Dec 09, 2020"
08-12-2020,44.95,44.95,43.20,43.85,43.35,"14,687","Dec 08, 2020"
07-12-2020,45.00,45.90,43.65,44.30,43.79,"5,514","Dec 07, 2020"
04-12-2020,45.40,46.00,43.60,44.70,44.19,"18,676","Dec 04, 2020"
03-12-2020,44.00,45.75,43.10,44.55,44.04,"14,935","Dec 03, 2020"
02-12-2020,45.45,45.50,42.55,43.95,43.45,"22,701","Dec 02, 2020"
01-12-2020,42.10,45.75,42.10,44.15,43.65,"87,588","Dec 01, 2020"
27-11-2020,43.80,43.80,42.25,42.55,42.06,"4,320","Nov 27, 2020"
26-11-2020,41.85,44.00,40.20,43.50,43.00,"54,674","Nov 26, 2020"
25-11-2020,42.25,43.85,40.35,40.95,40.48,"21,148","Nov 25, 2020"
24-11-2020,44.45,44.45,40.75,42.30,41.82,"18,548","Nov 24, 2020"
23-11-2020,41.55,43.45,41.05,42.50,42.02,"7,452","Nov 23, 2020"
20-11-2020,41.00,43.25,40.30,42.15,41.67,"18,042","Nov 20, 2020"
19-11-2020,42.50,42.50,40.50,40.70,40.24,"12,737","Nov 19, 2020"
18-11-2020,40.90,43.10,39.05,42.50,42.02,"44,034","Nov 18, 2020"
17-11-2020,39.10,40.15,38.55,39.85,39.40,"22,286","Nov 17, 2020"
14-11-2020,37.20,40.05,37.05,39.55,39.10,"6,864","Nov 14, 2020"
13-11-2020,36.15,38.15,36.15,37.10,36.68,"9,039","Nov 13, 2020"
12-11-2020,37.45,38.10,36.50,36.75,36.33,"8,035","Nov 12, 2020"
11-11-2020,37.40,38.20,37.20,37.40,36.97,"1,901","Nov 11, 2020"
10-11-2020,38.15,39.45,37.40,37.65,37.22,"4,511","Nov 10, 2020"
09-11-2020,38.25,39.55,37.60,38.10,37.67,"1,771","Nov 09, 2020"
06-11-2020,40.70,40.90,38.10,39.00,38.56,"10,430","Nov 06, 2020"
05-11-2020,38.25,40.25,37.30,38.95,38.51,"21,774","Nov 05, 2020"
04-11-2020,39.95,39.95,37.45,39.25,38.80,"9,885","Nov 04, 2020"
03-11-2020,38.20,39.95,37.40,38.30,37.86,"8,852","Nov 03, 2020"
02-11-2020,40.00,41.00,37.25,38.25,37.81,"4,485","Nov 02, 2020"
30-10-2020,38.00,41.05,38.00,39.25,38.80,"21,124","Oct 30, 2020"
29-10-2020,38.35,38.90,37.20,38.00,37.57,"18,206","Oct 29, 2020"
28-10-2020,37.95,38.15,37.05,37.95,37.52,"8,514","Oct 28, 2020"
27-10-2020,38.00,38.35,37.00,37.85,37.42,"12,983","Oct 27, 2020"
26-10-2020,36.85,38.85,35.65,37.50,37.07,"48,492","Oct 26, 2020"
23-10-2020,34.20,35.60,34.20,35.05,34.65,"6,454","Oct 23, 2020"
22-10-2020,34.55,35.70,34.30,34.45,34.06,"2,700","Oct 22, 2020"
21-10-2020,34.05,35.70,34.05,35.10,34.70,"3,045","Oct 21, 2020"
20-10-2020,34.50,35.20,33.35,34.15,33.76,"5,516","Oct 20, 2020"
19-10-2020,33.45,35.95,33.45,35.05,34.65,"17,895","Oct 19, 2020"
16-10-2020,33.35,33.70,33.00,33.05,32.67,"2,432","Oct 16, 2020"
15-10-2020,34.20,35.00,33.00,33.25,32.87,"3,392","Oct 15, 2020"
14-10-2020,34.50,34.50,33.60,33.95,33.56,"11,560","Oct 14, 2020"
13-10-2020,33.15,35.45,33.15,34.90,34.50,"1,560","Oct 13, 2020"
12-10-2020,33.95,34.70,33.45,33.60,33.22,"2,695","Oct 12, 2020"
09-10-2020,33.80,35.00,33.15,34.05,33.66,"6,267","Oct 09, 2020"
08-10-2020,35.50,39.70,33.15,33.85,33.46,"17,188","Oct 08, 2020"
07-10-2020,34.10,34.85,33.60,33.85,33.46,"1,288","Oct 07, 2020"
06-10-2020,34.75,35.45,34.65,34.90,34.50,"1,523","Oct 06, 2020"
05-10-2020,33.65,35.70,33.65,35.00,34.60,"9,889","Oct 05, 2020"
01-10-2020,35.00,35.00,33.10,33.60,33.22,"1,474","Oct 01, 2020"
30-09-2020,33.15,33.70,32.00,32.65,32.28,"2,010","Sep 30, 2020"
29-09-2020,33.25,34.85,33.25,33.55,33.17,874,"Sep 29, 2020"
28-09-2020,33.20,34.85,33.20,33.65,33.27,"2,928","Sep 28, 2020"
25-09-2020,33.50,34.05,32.60,33.20,32.82,"7,336","Sep 25, 2020"
24-09-2020,33.25,34.15,33.20,33.30,32.92,"2,634","Sep 24, 2020"
23-09-2020,35.10,35.65,33.05,33.45,33.07,"7,575","Sep 23, 2020"
22-09-2020,35.45,36.40,33.05,35.45,35.05,"4,642","Sep 22, 2020"
21-09-2020,36.20,36.20,34.25,35.25,34.85,"5,492","Sep 21, 2020"
18-09-2020,36.90,36.90,35.55,36.25,35.84,"1,311","Sep 18, 2020"
17-09-2020,36.05,36.75,36.05,36.10,35.69,"1,389","Sep 17, 2020"
16-09-2020,36.90,37.00,36.50,36.55,36.13,"2,497","Sep 16, 2020"
15-09-2020,37.00,38.00,36.20,36.60,36.18,"4,449","Sep 15, 2020"
14-09-2020,36.90,38.05,36.60,37.35,36.92,"8,562","Sep 14, 2020"
11-09-2020,36.30,37.05,36.05,36.10,35.69,"5,610","Sep 11, 2020"
10-09-2020,34.05,37.10,34.05,35.80,35.39,"13,213","Sep 10, 2020"
09-09-2020,38.00,38.00,34.35,34.85,34.45,"4,066","Sep 09, 2020"
08-09-2020,36.65,38.00,35.25,36.00,35.59,"2,120","Sep 08, 2020"
07-09-2020,34.70,39.00,34.70,36.65,36.23,"16,455","Sep 07, 2020"
04-09-2020,34.05,35.30,33.65,34.70,34.30,"3,330","Sep 04, 2020"
03-09-2020,35.65,36.65,34.60,34.90,34.50,"2,575","Sep 03, 2020"
02-09-2020,35.15,36.00,34.00,34.65,34.25,"4,928","Sep 02, 2020"
01-09-2020,36.45,36.50,33.20,34.50,34.11,"4,318","Sep 01, 2020"
31-08-2020,37.40,37.40,34.70,35.30,34.90,"7,558","Aug 31, 2020"
28-08-2020,37.95,38.75,36.80,37.35,36.92,"8,842","Aug 28, 2020"
27-08-2020,37.85,38.90,36.65,38.45,38.01,"18,497","Aug 27, 2020"
26-08-2020,36.05,39.05,36.00,37.70,37.27,"21,540","Aug 26, 2020"
25-08-2020,37.25,38.45,36.00,36.25,35.84,"15,743","Aug 25, 2020"
24-08-2020,35.55,39.80,35.55,37.80,37.37,"19,154","Aug 24, 2020"
21-08-2020,35.70,37.75,35.35,37.45,37.02,"20,594","Aug 21, 2020"
20-08-2020,36.00,36.00,34.00,35.55,35.14,"12,137","Aug 20, 2020"
19-08-2020,34.20,37.55,34.20,36.45,36.03,"61,776","Aug 19, 2020"
18-08-2020,34.40,35.00,33.55,34.10,33.71,"3,030","Aug 18, 2020"
17-08-2020,34.45,35.05,33.45,34.50,34.11,"4,521","Aug 17, 2020"
14-08-2020,34.35,35.50,33.60,34.20,33.81,"18,423","Aug 14, 2020"
13-08-2020,34.90,36.80,33.20,34.35,33.96,"42,690","Aug 13, 2020"
12-08-2020,32.05,35.00,31.30,34.45,34.06,"29,573","Aug 12, 2020"
11-08-2020,32.45,32.90,32.25,32.75,32.38,"7,646","Aug 11, 2020"
10-08-2020,34.75,34.80,32.55,32.80,32.43,"10,268","Aug 10, 2020"
07-08-2020,34.80,36.00,32.10,33.65,33.27,"43,826","Aug 07, 2020"
06-08-2020,34.95,35.90,34.30,35.15,34.75,"67,375","Aug 06, 2020"
05-08-2020,29.75,32.65,29.75,32.65,32.28,"20,808","Aug 05, 2020"
04-08-2020,29.95,30.45,29.25,29.70,29.36,"6,726","Aug 04, 2020"
03-08-2020,30.25,30.25,29.55,29.95,29.61,"5,141","Aug 03, 2020"
31-07-2020,29.45,31.90,29.45,30.25,29.90,"34,318","Jul 31, 2020"
30-07-2020,29.25,30.85,29.25,29.35,29.02,"9,351","Jul 30, 2020"
29-07-2020,29.80,30.20,29.30,29.50,29.16,"1,941","Jul 29, 2020"
28-07-2020,30.50,31.20,29.10,29.80,29.46,"17,665","Jul 28, 2020"
27-07-2020,30.95,31.90,30.30,30.40,30.05,"10,760","Jul 27, 2020"
24-07-2020,30.05,31.05,29.75,30.70,30.35,"8,604","Jul 24, 2020"
23-07-2020,30.05,31.25,29.75,30.40,30.05,"11,869","Jul 23, 2020"
22-07-2020,29.20,31.45,28.65,30.15,29.81,"23,662","Jul 22, 2020"
21-07-2020,28.35,30.00,28.35,29.15,28.82,"12,765","Jul 21, 2020"
20-07-2020,28.65,29.45,28.10,28.40,28.08,"9,423","Jul 20, 2020"
17-07-2020,28.95,29.50,28.90,29.00,28.67,"3,050","Jul 17, 2020"
16-07-2020,28.50,29.50,28.05,28.95,28.62,"7,651","Jul 16, 2020"
15-07-2020,30.40,30.40,28.50,28.85,28.52,"4,367","Jul 15, 2020"
14-07-2020,29.30,29.70,28.75,28.95,28.62,"3,536","Jul 14, 2020"
13-07-2020,30.00,30.70,29.25,29.70,29.36,"5,750","Jul 13, 2020"
10-07-2020,30.90,30.90,29.15,29.35,29.02,"1,414","Jul 10, 2020"
09-07-2020,31.00,31.00,29.55,29.75,29.41,"11,520","Jul 09, 2020"
08-07-2020,30.15,30.55,29.15,30.05,29.71,"6,032","Jul 08, 2020"
07-07-2020,29.00,30.30,29.00,29.90,29.56,"8,814","Jul 07, 2020"
06-07-2020,29.25,29.75,28.70,28.95,28.62,"10,367","Jul 06, 2020"
03-07-2020,29.25,30.40,28.95,29.20,28.87,"4,888","Jul 03, 2020"
02-07-2020,29.55,30.95,28.75,29.25,28.92,"3,352","Jul 02, 2020"
01-07-2020,29.65,30.55,29.15,29.40,29.06,676,"Jul 01, 2020"
30-06-2020,30.00,30.40,29.50,29.65,29.31,"2,389","Jun 30, 2020"
29-06-2020,30.85,30.85,29.15,29.75,29.41,"8,669","Jun 29, 2020"
26-06-2020,29.75,31.55,29.55,30.85,30.50,"10,850","Jun 26, 2020"
25-06-2020,29.85,30.40,29.55,29.75,29.41,"7,235","Jun 25, 2020"
24-06-2020,32.00,32.00,29.65,30.00,29.66,"22,050","Jun 24, 2020"
23-06-2020,30.90,31.35,29.55,30.65,30.30,"13,524","Jun 23, 2020"
22-06-2020,30.55,31.45,30.15,30.90,30.55,"13,851","Jun 22, 2020"
19-06-2020,29.45,30.80,29.40,30.15,29.81,"8,900","Jun 19, 2020"
18-06-2020,29.65,30.50,28.75,29.95,29.61,"4,959","Jun 18, 2020"
17-06-2020,28.65,29.45,28.50,28.75,28.42,"4,149","Jun 17, 2020"
16-06-2020,31.30,31.30,28.55,29.05,28.72,"8,367","Jun 16, 2020"
15-06-2020,29.25,29.95,28.85,28.90,28.57,"1,494","Jun 15, 2020"
12-06-2020,29.00,29.40,27.50,29.20,28.87,"22,554","Jun 12, 2020"
11-06-2020,30.50,30.50,29.00,29.50,29.16,"15,093","Jun 11, 2020"
10-06-2020,30.65,31.00,30.10,30.45,30.10,"8,146","Jun 10, 2020"
09-06-2020,32.75,32.75,30.10,30.65,30.30,"21,412","Jun 09, 2020"
08-06-2020,31.95,32.50,31.25,31.90,31.54,"22,978","Jun 08, 2020"
05-06-2020,30.75,31.60,29.05,30.90,30.55,"43,321","Jun 05, 2020"
04-06-2020,28.90,29.50,28.30,29.20,28.87,"17,771","Jun 04, 2020"
03-06-2020,27.80,29.60,27.80,28.65,28.32,"44,169","Jun 03, 2020"
02-06-2020,27.90,28.60,27.50,28.45,28.13,"9,730","Jun 02, 2020"
01-06-2020,28.50,28.50,27.35,27.60,27.29,"37,667","Jun 01, 2020"
29-05-2020,28.60,28.60,27.40,27.75,27.43,"7,176","May 29, 2020"
28-05-2020,27.45,27.75,26.80,27.50,27.19,999,"May 28, 2020"
27-05-2020,26.70,27.50,26.70,27.05,26.74,"2,727","May 27, 2020"
26-05-2020,27.25,28.00,26.15,26.80,26.49,"4,475","May 26, 2020"
22-05-2020,26.95,28.60,26.65,27.25,26.94,"2,173","May 22, 2020"
21-05-2020,28.00,28.00,26.65,27.40,27.09,"4,106","May 21, 2020"
20-05-2020,26.35,27.50,26.10,27.05,26.74,"3,550","May 20, 2020"
19-05-2020,27.00,28.00,26.60,26.85,26.54,"5,537","May 19, 2020"
18-05-2020,28.20,28.50,26.95,27.05,26.74,"10,556","May 18, 2020"
15-05-2020,28.50,28.75,28.25,28.35,28.03,"1,912","May 15, 2020"
14-05-2020,28.00,29.50,27.95,28.90,28.57,"5,779","May 14, 2020"
13-05-2020,28.20,29.20,27.30,28.15,27.83,"10,798","May 13, 2020"
12-05-2020,28.85,29.10,27.80,27.90,27.58,"3,317","May 12, 2020"
11-05-2020,28.15,29.90,28.15,28.75,28.42,"4,837","May 11, 2020"
08-05-2020,28.40,29.25,28.20,28.50,28.17,"5,103","May 08, 2020"
07-05-2020,27.00,28.60,27.00,27.95,27.63,"6,448","May 07, 2020"
06-05-2020,27.55,28.50,27.05,27.30,26.99,"9,359","May 06, 2020"
05-05-2020,28.60,29.25,28.00,28.40,28.08,"7,529","May 05, 2020"
04-05-2020,30.50,30.50,29.00,29.00,28.67,"5,765","May 04, 2020"
30-04-2020,30.15,31.00,29.60,30.40,30.05,"15,176","Apr 30, 2020"
29-04-2020,30.25,30.50,28.65,30.30,29.95,"9,645","Apr 29, 2020"
28-04-2020,27.20,29.75,27.20,29.60,29.26,"10,404","Apr 28, 2020"
27-04-2020,29.10,29.75,27.95,28.35,28.03,"17,630","Apr 27, 2020"
24-04-2020,31.50,31.90,28.75,29.40,29.06,"23,649","Apr 24, 2020"
23-04-2020,33.05,33.30,31.05,31.90,31.54,"62,756","Apr 23, 2020"
22-04-2020,39.50,39.50,34.50,34.50,34.11,"58,189","Apr 22, 2020"
21-04-2020,36.80,38.90,34.25,38.30,37.86,"167,897","Apr 21, 2020"
20-04-2020,31.00,34.95,30.95,34.95,34.55,"190,142","Apr 20, 2020"
17-04-2020,28.00,30.90,27.45,29.15,28.82,"3,509","Apr 17, 2020"
16-04-2020,27.85,28.40,27.15,28.30,27.98,"3,361","Apr 16, 2020"
15-04-2020,27.35,28.85,26.25,27.00,26.69,"15,355","Apr 15, 2020"
13-04-2020,32.00,32.00,27.10,27.20,26.89,"16,402","Apr 13, 2020"
09-04-2020,26.85,28.45,26.80,27.90,27.58,"6,837","Apr 09, 2020"
08-04-2020,27.05,28.25,26.75,26.90,26.59,"12,888","Apr 08, 2020"
07-04-2020,25.20,27.40,25.20,27.05,26.74,"7,564","Apr 07, 2020"
03-04-2020,29.00,29.00,24.00,25.85,25.56,"36,098","Apr 03, 2020"
01-04-2020,28.15,28.30,26.95,27.10,26.79,"2,362","Apr 01, 2020"
31-03-2020,29.00,30.20,25.00,28.80,28.47,"11,812","Mar 31, 2020"
30-03-2020,28.95,29.80,25.80,27.15,26.84,"8,096","Mar 30, 2020"
27-03-2020,30.00,31.00,29.10,29.55,29.21,"5,058","Mar 27, 2020"
26-03-2020,29.95,31.80,27.60,30.05,29.71,"4,280","Mar 26, 2020"
25-03-2020,26.25,30.50,26.25,30.30,29.95,"2,145","Mar 25, 2020"
24-03-2020,31.00,31.00,28.00,28.85,28.52,914,"Mar 24, 2020"
23-03-2020,32.15,37.90,28.00,30.25,29.90,"6,057","Mar 23, 2020"
20-03-2020,34.50,34.50,32.10,34.20,33.81,"10,957","Mar 20, 2020"
19-03-2020,33.00,35.00,31.10,32.15,31.78,"2,703","Mar 19, 2020"
18-03-2020,35.05,35.95,34.90,34.90,34.50,"9,206","Mar 18, 2020"
17-03-2020,38.85,38.90,35.05,35.90,35.49,"4,256","Mar 17, 2020"
16-03-2020,36.15,38.40,35.95,36.60,36.18,"2,489","Mar 16, 2020"
13-03-2020,33.00,38.85,32.00,37.80,37.37,"9,030","Mar 13, 2020"
12-03-2020,38.45,40.85,36.00,36.40,35.98,"25,618","Mar 12, 2020"
11-03-2020,39.85,41.05,37.00,39.50,39.05,"2,817","Mar 11, 2020"
09-03-2020,39.00,39.15,36.00,38.85,38.41,"7,755","Mar 09, 2020"
06-03-2020,38.70,38.70,37.05,37.95,37.52,415,"Mar 06, 2020"
05-03-2020,39.75,40.00,39.25,39.40,38.95,589,"Mar 05, 2020"
04-03-2020,39.85,41.65,39.60,39.60,39.15,"6,281","Mar 04, 2020"
03-03-2020,40.35,41.95,38.30,40.45,39.99,"5,454","Mar 03, 2020"
02-03-2020,41.00,44.05,39.90,40.60,40.14,"11,260","Mar 02, 2020"
28-02-2020,39.00,39.00,37.50,38.75,38.31,"6,005","Feb 28, 2020"
27-02-2020,41.00,41.50,39.10,39.50,39.05,852,"Feb 27, 2020"
26-02-2020,39.10,42.90,38.25,41.50,41.03,"4,347","Feb 26, 2020"
25-02-2020,40.25,40.30,38.75,40.00,39.54,"1,680","Feb 25, 2020"
24-02-2020,40.55,42.35,39.05,39.85,39.40,"1,495","Feb 24, 2020"
20-02-2020,40.95,43.30,40.25,41.55,41.08,"12,404","Feb 20, 2020"
19-02-2020,40.50,42.85,38.60,40.45,39.99,"9,154","Feb 19, 2020"
18-02-2020,40.15,42.05,38.10,41.00,40.53,"4,270","Feb 18, 2020"
17-02-2020,40.50,41.05,39.90,41.00,40.53,"3,332","Feb 17, 2020"
14-02-2020,40.90,43.05,40.85,40.85,40.38,"5,210","Feb 14, 2020"
13-02-2020,40.00,42.05,37.10,40.85,40.38,"13,766","Feb 13, 2020"
12-02-2020,40.50,41.50,39.10,39.75,39.30,"4,073","Feb 12, 2020"
11-02-2020,42.00,42.40,39.65,40.40,39.94,"10,940","Feb 11, 2020"
10-02-2020,41.00,42.60,40.20,41.15,40.68,"5,308","Feb 10, 2020"
07-02-2020,42.70,42.70,40.20,42.00,41.52,"2,255","Feb 07, 2020"
06-02-2020,42.85,43.00,40.75,41.80,41.32,"7,264","Feb 06, 2020"
05-02-2020,42.00,43.70,41.70,42.85,42.36,"3,727","Feb 05, 2020"
04-02-2020,42.70,43.00,42.00,42.65,42.16,"3,320","Feb 04, 2020"
03-02-2020,43.00,43.85,40.55,41.30,40.83,"4,690","Feb 03, 2020"
31-01-2020,48.80,48.80,43.15,43.85,43.35,"16,645","Jan 31, 2020"
30-01-2020,48.95,49.00,44.55,47.20,46.66,"30,821","Jan 30, 2020"
29-01-2020,44.05,46.00,44.00,44.90,44.39,"5,447","Jan 29, 2020"
28-01-2020,45.55,48.00,44.10,44.15,43.65,"19,710","Jan 28, 2020"
27-01-2020,45.95,46.00,43.05,43.85,43.35,"6,426","Jan 27, 2020"
24-01-2020,45.00,46.20,45.00,45.40,44.88,"2,603","Jan 24, 2020"
23-01-2020,43.75,45.50,43.60,44.95,44.44,"3,025","Jan 23, 2020"
22-01-2020,45.05,46.00,43.60,44.05,43.55,"7,463","Jan 22, 2020"
21-01-2020,44.95,45.90,44.10,44.50,43.99,"1,988","Jan 21, 2020"
20-01-2020,44.55,45.80,43.65,45.05,44.54,"3,616","Jan 20, 2020"
17-01-2020,46.05,46.95,44.05,45.30,44.78,"21,920","Jan 17, 2020"
16-01-2020,46.35,47.90,43.25,46.30,45.77,"23,398","Jan 16, 2020"
15-01-2020,47.00,47.50,43.50,45.70,45.18,"5,829","Jan 15, 2020"
14-01-2020,46.70,48.90,45.00,45.70,45.18,"63,709","Jan 14, 2020"
13-01-2020,42.55,45.40,41.60,44.95,44.44,"27,913","Jan 13, 2020"
10-01-2020,42.40,43.00,41.00,41.75,41.27,"10,623","Jan 10, 2020"
09-01-2020,40.05,42.30,40.00,41.05,40.58,"15,824","Jan 09, 2020"
08-01-2020,39.05,41.45,37.30,40.00,39.54,"16,540","Jan 08, 2020"
07-01-2020,40.75,41.75,39.35,39.80,39.35,"2,397","Jan 07, 2020"
06-01-2020,41.70,41.75,39.05,39.20,38.75,"8,863","Jan 06, 2020"
03-01-2020,41.80,42.40,41.50,41.70,41.22,"7,693","Jan 03, 2020"
02-01-2020,39.15,43.50,39.15,41.75,41.27,"22,124","Jan 02, 2020"
01-01-2020,40.95,41.60,39.25,40.75,40.29,"4,613","Jan 01, 2020"
31-12-2019,41.00,41.00,39.20,39.45,39.00,"6,103","Dec 31, 2019"
30-12-2019,40.70,40.70,39.05,39.50,39.05,"2,399","Dec 30, 2019"
27-12-2019,40.45,40.50,39.05,39.50,39.05,"1,867","Dec 27, 2019"
26-12-2019,40.70,40.70,38.50,38.95,38.51,"3,632","Dec 26, 2019"
24-12-2019,40.90,40.90,38.25,38.40,37.96,"2,061","Dec 24, 2019"
23-12-2019,40.70,41.55,39.65,39.65,39.20,413,"Dec 23, 2019"
20-12-2019,38.95,41.40,38.95,40.40,39.94,"3,668","Dec 20, 2019"
19-12-2019,42.00,42.00,38.65,39.00,38.56,"1,079","Dec 19, 2019"
18-12-2019,40.85,40.85,38.50,39.65,39.20,"1,458","Dec 18, 2019"
17-12-2019,40.05,40.05,38.70,39.95,39.49,717,"Dec 17, 2019"
16-12-2019,43.90,43.90,38.15,38.90,38.46,"1,694","Dec 16, 2019"
13-12-2019,40.70,41.00,38.60,39.30,38.85,"1,870","Dec 13, 2019"
12-12-2019,38.65,38.95,38.00,38.65,38.21,"1,459","Dec 12, 2019"
11-12-2019,38.50,40.45,37.20,38.15,37.71,"12,087","Dec 11, 2019"
10-12-2019,40.50,40.55,38.50,39.00,38.56,"1,580","Dec 10, 2019"
09-12-2019,41.40,42.25,40.10,40.20,39.74,"2,415","Dec 09, 2019"
06-12-2019,42.05,42.05,40.40,41.35,40.88,"2,241","Dec 06, 2019"
05-12-2019,42.50,42.50,41.25,41.65,41.17,"3,009","Dec 05, 2019"
04-12-2019,42.10,42.80,42.00,42.30,41.82,"5,233","Dec 04, 2019"
03-12-2019,43.00,45.90,42.40,42.95,42.46,"19,196","Dec 03, 2019"
02-12-2019,42.95,43.85,42.75,43.50,43.00,"1,442","Dec 02, 2019"
29-11-2019,41.95,44.00,41.55,42.35,41.87,"3,346","Nov 29, 2019"
28-11-2019,43.50,43.75,42.10,42.35,41.87,"4,319","Nov 28, 2019"
27-11-2019,43.25,43.75,42.50,42.90,42.41,"1,390","Nov 27, 2019"
26-11-2019,42.00,45.50,40.90,42.85,42.36,"20,979","Nov 26, 2019"
25-11-2019,42.50,44.00,41.80,42.65,42.16,"7,981","Nov 25, 2019"
22-11-2019,42.00,44.85,40.65,42.20,41.72,"5,126","Nov 22, 2019"
21-11-2019,45.00,45.00,42.00,42.70,42.21,"2,871","Nov 21, 2019"
20-11-2019,44.30,45.00,42.00,43.75,43.25,"3,401","Nov 20, 2019"
19-11-2019,42.15,44.50,42.15,42.65,42.16,"1,555","Nov 19, 2019"
18-11-2019,43.05,44.00,42.60,42.70,42.21,854,"Nov 18, 2019"
15-11-2019,43.05,45.00,42.00,42.85,42.36,"3,806","Nov 15, 2019"
14-11-2019,42.10,45.25,41.60,43.90,43.40,"10,821","Nov 14, 2019"
13-11-2019,40.60,46.70,40.10,42.00,41.52,"19,072","Nov 13, 2019"
11-11-2019,42.00,42.95,40.50,41.50,41.03,"1,809","Nov 11, 2019"
08-11-2019,42.00,43.05,42.00,42.90,42.41,"1,730","Nov 08, 2019"
07-11-2019,44.05,44.05,42.00,43.70,43.20,"1,279","Nov 07, 2019"
06-11-2019,43.00,44.00,42.50,43.40,42.90,"1,125","Nov 06, 2019"
05-11-2019,43.75,44.55,42.40,43.05,42.56,"1,495","Nov 05, 2019"
04-11-2019,44.00,44.55,43.00,43.75,43.25,"1,305","Nov 04, 2019"
01-11-2019,45.75,46.30,42.90,43.95,43.45,"6,475","Nov 01, 2019"
31-10-2019,44.00,46.00,43.95,44.65,44.14,"11,149","Oct 31, 2019"
30-10-2019,42.15,44.45,42.05,44.25,43.75,"5,829","Oct 30, 2019"
29-10-2019,43.35,43.90,41.60,42.20,41.72,"4,909","Oct 29, 2019"
27-10-2019,44.35,44.35,43.80,43.85,43.35,605,"Oct 27, 2019"
25-10-2019,43.05,46.15,40.35,43.75,43.25,"15,358","Oct 25, 2019"
24-10-2019,42.50,46.00,40.50,43.65,43.15,"11,025","Oct 24, 2019"
23-10-2019,42.00,44.45,41.00,42.40,41.92,"10,671","Oct 23, 2019"
22-10-2019,41.25,42.20,39.10,40.95,40.48,"12,070","Oct 22, 2019"
18-10-2019,37.05,41.90,37.00,41.25,40.78,"12,065","Oct 18, 2019"
17-10-2019,36.50,40.00,36.00,37.90,37.47,"6,361","Oct 17, 2019"
16-10-2019,37.55,39.55,35.35,36.80,36.38,"5,805","Oct 16, 2019"
15-10-2019,38.00,38.50,37.05,37.40,36.97,"1,917","Oct 15, 2019"
14-10-2019,38.00,40.30,36.50,38.55,38.11,"1,100","Oct 14, 2019"
11-10-2019,36.55,39.75,36.45,38.75,38.31,"4,361","Oct 11, 2019"
10-10-2019,36.00,37.00,36.00,36.45,36.03,"2,087","Oct 10, 2019"
09-10-2019,38.05,38.05,36.55,36.55,36.13,95,"Oct 09, 2019"
07-10-2019,37.85,37.90,35.65,36.50,36.08,572,"Oct 07, 2019"
04-10-2019,40.00,40.00,37.25,37.25,36.83,"1,236","Oct 04, 2019"
03-10-2019,37.50,39.00,36.50,38.10,37.67,462,"Oct 03, 2019"
01-10-2019,37.80,38.05,36.20,37.10,36.68,"4,566","Oct 01, 2019"
30-09-2019,38.05,39.35,37.10,37.80,37.37,"1,692","Sep 30, 2019"
27-09-2019,39.25,39.25,38.10,38.60,38.16,"1,215","Sep 27, 2019"
26-09-2019,38.30,39.75,38.15,39.05,38.60,"7,633","Sep 26, 2019"
25-09-2019,40.00,41.80,38.10,38.35,37.91,"1,754","Sep 25, 2019"
24-09-2019,39.10,41.85,38.55,40.40,39.94,"7,769","Sep 24, 2019"
23-09-2019,40.50,42.45,37.25,40.55,40.09,"20,878","Sep 23, 2019"
20-09-2019,36.05,39.45,35.45,37.70,37.27,"4,750","Sep 20, 2019"
19-09-2019,37.55,37.70,35.55,36.60,36.18,"2,657","Sep 19, 2019"
18-09-2019,39.55,39.60,37.55,37.90,37.47,"2,034","Sep 18, 2019"
17-09-2019,39.05,39.10,37.60,38.05,37.62,"3,872","Sep 17, 2019"
16-09-2019,39.30,40.90,38.60,39.40,38.95,"7,774","Sep 16, 2019"
13-09-2019,39.00,44.00,38.65,40.95,40.48,"48,502","Sep 13, 2019"
12-09-2019,39.00,40.50,37.90,38.65,38.21,"4,419","Sep 12, 2019"
11-09-2019,37.55,41.00,37.05,39.55,39.10,"5,219","Sep 11, 2019"
09-09-2019,36.85,38.10,36.85,37.20,36.78,"4,599","Sep 09, 2019"
06-09-2019,36.10,39.10,36.10,36.65,36.23,"4,283","Sep 06, 2019"
05-09-2019,38.00,39.00,37.10,37.30,36.87,"3,803","Sep 05, 2019"
04-09-2019,36.25,38.50,35.75,36.75,36.33,568,"Sep 04, 2019"
03-09-2019,35.95,38.10,34.35,35.95,35.54,"4,596","Sep 03, 2019"
30-08-2019,35.50,37.25,34.95,36.55,36.13,"1,859","Aug 30, 2019"
29-08-2019,37.50,38.95,35.25,36.05,35.64,"2,775","Aug 29, 2019"
28-08-2019,39.00,39.75,37.55,38.10,37.67,"3,527","Aug 28, 2019"
27-08-2019,37.45,41.00,37.45,38.90,38.46,"10,125","Aug 27, 2019"
26-08-2019,36.50,38.05,34.55,37.05,36.63,"4,607","Aug 26, 2019"
23-08-2019,34.75,40.05,31.65,36.75,36.33,"27,123","Aug 23, 2019"
22-08-2019,33.50,35.00,32.55,33.45,33.07,"4,105","Aug 22, 2019"
21-08-2019,35.30,36.80,33.00,34.15,33.76,"3,870","Aug 21, 2019"
20-08-2019,37.30,37.40,35.20,35.40,35.00,875,"Aug 20, 2019"
19-08-2019,36.30,37.40,35.10,36.15,35.74,"2,462","Aug 19, 2019"
16-08-2019,36.25,37.30,35.05,36.70,36.28,"2,753","Aug 16, 2019"
14-08-2019,34.10,37.90,34.05,36.20,35.79,"5,036","Aug 14, 2019"
13-08-2019,36.00,36.95,33.85,35.70,35.29,"8,787","Aug 13, 2019"
09-08-2019,36.55,37.75,36.05,36.60,36.18,"6,568","Aug 09, 2019"
08-08-2019,37.95,39.50,35.10,36.75,36.33,"7,251","Aug 08, 2019"
07-08-2019,38.15,40.40,36.10,37.85,37.42,"19,842","Aug 07, 2019"
06-08-2019,38.10,42.40,37.60,38.70,38.26,"24,347","Aug 06, 2019"
05-08-2019,40.00,44.00,38.30,39.95,39.49,"158,584","Aug 05, 2019"
02-08-2019,30.00,37.20,30.00,37.20,36.78,"43,537","Aug 02, 2019"
01-08-2019,30.20,31.90,30.05,31.00,30.65,"5,958","Aug 01, 2019"
31-07-2019,35.00,35.55,30.60,32.05,31.68,"39,578","Jul 31, 2019"
30-07-2019,38.05,39.25,36.20,36.90,36.48,"2,705","Jul 30, 2019"
29-07-2019,40.00,40.95,38.50,38.80,38.36,393,"Jul 29, 2019"
26-07-2019,40.10,41.50,40.05,40.35,39.89,"1,149","Jul 26, 2019"
25-07-2019,40.00,40.75,39.50,39.95,39.49,"2,584","Jul 25, 2019"
24-07-2019,40.05,42.00,39.35,40.80,40.33,"1,221","Jul 24, 2019"
23-07-2019,40.90,41.70,39.50,40.45,39.99,"1,040","Jul 23, 2019"
22-07-2019,40.05,41.80,40.00,40.10,39.64,"2,121","Jul 22, 2019"
19-07-2019,40.60,41.25,39.25,40.80,40.33,"4,785","Jul 19, 2019"
18-07-2019,42.00,42.75,41.05,41.40,40.93,"1,455","Jul 18, 2019"
17-07-2019,41.15,44.45,41.10,42.55,42.06,"5,010","Jul 17, 2019"
16-07-2019,42.05,44.00,40.45,41.85,41.37,"9,364","Jul 16, 2019"
15-07-2019,43.55,44.65,42.65,42.70,42.21,936,"Jul 15, 2019"
12-07-2019,43.50,45.50,43.15,43.60,43.10,"4,084","Jul 12, 2019"
11-07-2019,43.60,44.95,43.40,43.60,43.10,"9,968","Jul 11, 2019"
10-07-2019,43.05,46.00,42.60,43.40,42.90,770,"Jul 10, 2019"
09-07-2019,44.85,45.75,43.70,44.15,43.65,"1,637","Jul 09, 2019"
08-07-2019,44.55,45.05,43.25,43.65,43.15,"5,679","Jul 08, 2019"
05-07-2019,47.70,47.75,45.00,45.15,44.63,408,"Jul 05, 2019"
04-07-2019,46.85,47.45,45.25,45.90,45.38,"4,131","Jul 04, 2019"
03-07-2019,45.55,46.60,44.50,44.70,44.19,"1,694","Jul 03, 2019"
02-07-2019,46.55,47.80,44.25,46.10,45.57,"5,500","Jul 02, 2019"
01-07-2019,49.25,49.30,45.15,47.35,46.81,"4,088","Jul 01, 2019"
28-06-2019,46.30,53.50,45.65,47.70,47.16,"69,498","Jun 28, 2019"
27-06-2019,46.90,47.00,45.00,45.45,44.93,"5,217","Jun 27, 2019"
26-06-2019,46.95,47.00,44.75,45.80,45.28,"3,067","Jun 26, 2019"
25-06-2019,46.55,48.90,44.55,45.10,44.59,"1,020","Jun 25, 2019"
24-06-2019,45.95,45.95,44.10,44.55,44.04,"1,021","Jun 24, 2019"
21-06-2019,46.85,46.95,44.00,44.70,44.19,"1,960","Jun 21, 2019"
20-06-2019,46.90,46.95,44.45,45.05,44.54,"1,540","Jun 20, 2019"
19-06-2019,47.55,49.25,43.85,44.50,43.99,"7,205","Jun 19, 2019"
18-06-2019,47.30,48.75,45.60,46.65,46.12,"1,515","Jun 18, 2019"
17-06-2019,51.45,51.45,47.00,47.95,47.40,"5,267","Jun 17, 2019"
14-06-2019,48.95,51.85,45.10,49.60,49.03,"7,804","Jun 14, 2019"
13-06-2019,47.75,47.80,45.15,46.90,46.36,546,"Jun 13, 2019"
12-06-2019,46.10,47.60,46.10,47.00,46.46,"1,389","Jun 12, 2019"
11-06-2019,45.95,48.05,45.95,46.90,46.36,"4,874","Jun 11, 2019"
10-06-2019,47.65,48.85,45.05,45.85,45.33,"5,727","Jun 10, 2019"
07-06-2019,50.25,50.35,47.65,48.35,47.80,"9,445","Jun 07, 2019"
06-06-2019,52.00,53.15,48.10,51.00,50.42,"3,647","Jun 06, 2019"
04-06-2019,51.10,51.90,51.05,51.35,50.76,752,"Jun 04, 2019"
03-06-2019,52.05,52.70,51.50,51.50,50.91,"6,932","Jun 03, 2019"
31-05-2019,50.75,54.00,50.65,51.05,50.47,"2,526","May 31, 2019"
30-05-2019,53.55,55.00,50.60,52.20,51.60,"7,585","May 30, 2019"
29-05-2019,52.00,59.00,46.90,53.55,52.94,"76,438","May 29, 2019"
28-05-2019,50.20,52.50,50.10,51.55,50.96,"4,071","May 28, 2019"
27-05-2019,49.35,52.35,49.35,51.55,50.96,"2,568","May 27, 2019"
24-05-2019,48.60,49.75,48.40,49.35,48.79,"1,439","May 24, 2019"
23-05-2019,46.05,49.00,46.05,48.05,47.50,"11,275","May 23, 2019"
22-05-2019,46.55,47.35,46.10,46.20,45.67,"2,314","May 22, 2019"
21-05-2019,48.90,48.90,46.05,46.05,45.52,"1,035","May 21, 2019"
20-05-2019,47.05,49.00,45.20,46.75,46.22,"7,894","May 20, 2019"
17-05-2019,45.35,47.05,44.00,45.95,45.43,"3,436","May 17, 2019"
16-05-2019,45.75,46.45,43.20,44.05,43.55,"5,115","May 16, 2019"
15-05-2019,45.00,47.05,45.00,45.70,45.18,"3,178","May 15, 2019"
14-05-2019,45.80,47.85,44.65,45.05,44.54,"4,235","May 14, 2019"
13-05-2019,49.00,49.00,46.00,46.80,46.27,"4,902","May 13, 2019"
10-05-2019,48.20,49.50,47.50,48.30,47.75,"2,140","May 10, 2019"
09-05-2019,49.10,49.85,47.05,48.10,47.55,"4,364","May 09, 2019"
08-05-2019,50.10,50.70,48.20,49.80,49.23,"6,536","May 08, 2019"
07-05-2019,51.65,51.65,50.00,50.35,49.78,"2,513","May 07, 2019"
06-05-2019,52.10,52.60,51.50,51.85,51.26,649,"May 06, 2019"
03-05-2019,52.15,53.50,52.10,52.45,51.85,"2,703","May 03, 2019"
02-05-2019,51.05,53.05,51.00,52.50,51.90,"4,726","May 02, 2019"
30-04-2019,52.05,52.05,51.00,51.65,51.06,"1,963","Apr 30, 2019"
26-04-2019,52.30,52.90,51.75,51.90,51.31,"4,166","Apr 26, 2019"
25-04-2019,53.05,54.75,52.00,52.30,51.70,"3,953","Apr 25, 2019"
24-04-2019,53.10,54.00,53.00,53.45,52.84,"2,521","Apr 24, 2019"
23-04-2019,54.45,55.20,53.00,53.25,52.64,"3,368","Apr 23, 2019"
22-04-2019,52.25,54.00,52.00,53.15,52.54,"2,883","Apr 22, 2019"
18-04-2019,53.45,53.50,52.20,53.35,52.74,"2,734","Apr 18, 2019"
16-04-2019,52.55,54.10,52.50,53.00,52.40,"6,135","Apr 16, 2019"
15-04-2019,54.05,54.40,51.50,52.40,51.80,"12,367","Apr 15, 2019"
12-04-2019,54.05,54.90,54.00,54.50,53.88,"2,562","Apr 12, 2019"
11-04-2019,54.95,55.90,53.85,54.35,53.73,"3,937","Apr 11, 2019"
10-04-2019,54.05,56.60,53.65,55.35,54.72,"6,389","Apr 10, 2019"
09-04-2019,53.60,56.00,53.55,54.55,53.93,"2,119","Apr 09, 2019"
08-04-2019,55.95,56.00,54.00,54.40,53.78,"5,235","Apr 08, 2019"
05-04-2019,55.15,56.50,55.10,55.90,55.26,"3,044","Apr 05, 2019"
04-04-2019,56.95,57.20,54.80,55.60,54.97,"9,888","Apr 04, 2019"
03-04-2019,56.05,58.00,56.00,56.45,55.81,"5,138","Apr 03, 2019"
02-04-2019,56.70,57.95,56.50,57.45,56.79,"3,660","Apr 02, 2019"
01-04-2019,58.10,60.90,56.05,57.45,56.79,"11,448","Apr 01, 2019"
28-03-2019,58.00,59.90,56.40,56.90,56.25,"10,924","Mar 28, 2019"
27-03-2019,60.00,60.00,55.80,57.00,56.35,"7,029","Mar 27, 2019"
26-03-2019,59.15,59.95,56.40,58.75,58.08,"4,506","Mar 26, 2019"
25-03-2019,59.05,60.95,57.50,58.95,58.28,"3,071","Mar 25, 2019"
22-03-2019,60.55,61.00,58.15,58.95,58.28,"2,423","Mar 22, 2019"
20-03-2019,61.95,62.00,59.55,60.55,59.86,"1,573","Mar 20, 2019"
19-03-2019,62.05,62.05,59.10,60.90,60.21,"4,306","Mar 19, 2019"
18-03-2019,61.10,63.80,60.15,61.25,60.55,"1,522","Mar 18, 2019"
15-03-2019,60.75,66.20,60.10,61.60,60.90,"10,660","Mar 15, 2019"
14-03-2019,61.00,62.90,60.10,60.75,60.06,"3,332","Mar 14, 2019"
13-03-2019,65.00,65.00,60.00,61.30,60.60,"8,919","Mar 13, 2019"
12-03-2019,61.95,62.70,59.55,60.05,59.36,"11,280","Mar 12, 2019"
11-03-2019,56.30,64.00,55.90,61.25,60.55,"63,539","Mar 11, 2019"
08-03-2019,56.30,56.30,54.25,54.95,54.32,"1,623","Mar 08, 2019"
07-03-2019,56.75,56.75,55.05,55.25,54.62,"4,699","Mar 07, 2019"
06-03-2019,55.00,56.00,54.00,55.20,54.57,"8,384","Mar 06, 2019"
05-03-2019,51.50,54.80,51.50,53.95,53.33,"7,225","Mar 05, 2019"
01-03-2019,50.95,51.60,50.50,51.40,50.81,"4,085","Mar 01, 2019"
28-02-2019,50.95,51.00,49.10,50.20,49.63,"1,480","Feb 28, 2019"
27-02-2019,50.00,52.05,50.00,51.00,50.42,"9,503","Feb 27, 2019"
26-02-2019,51.35,51.40,49.65,50.00,49.43,"1,586","Feb 26, 2019"
25-02-2019,50.70,51.55,50.60,51.05,50.47,"1,927","Feb 25, 2019"
22-02-2019,50.95,51.40,50.00,51.00,50.42,"7,179","Feb 22, 2019"
21-02-2019,50.55,52.05,50.00,50.40,49.82,"16,839","Feb 21, 2019"
20-02-2019,52.40,52.50,49.70,49.85,49.28,"3,800","Feb 20, 2019"
19-02-2019,51.15,52.00,50.65,51.50,50.91,"2,352","Feb 19, 2019"
18-02-2019,54.00,54.00,50.30,51.60,51.01,"3,438","Feb 18, 2019"
15-02-2019,55.95,56.00,49.25,50.20,49.63,"39,298","Feb 15, 2019"
14-02-2019,56.40,57.10,54.75,56.05,55.41,"3,559","Feb 14, 2019"
12-02-2019,59.70,59.70,56.75,58.50,57.83,"1,410","Feb 12, 2019"
11-02-2019,57.15,57.50,57.05,57.10,56.45,"1,192","Feb 11, 2019"
08-02-2019,59.00,59.00,56.50,57.00,56.35,"1,419","Feb 08, 2019"
07-02-2019,56.15,58.50,56.15,57.05,56.40,"1,445","Feb 07, 2019"
06-02-2019,56.80,61.25,56.05,57.00,56.35,"2,023","Feb 06, 2019"
05-02-2019,58.25,58.50,57.65,57.80,57.14,"3,189","Feb 05, 2019"
04-02-2019,59.15,59.90,58.20,58.55,57.88,"2,136","Feb 04, 2019"
01-02-2019,60.75,60.85,58.70,59.20,58.52,"1,254","Feb 01, 2019"
31-01-2019,60.65,61.50,59.15,60.10,59.41,"2,862","Jan 31, 2019"
30-01-2019,63.50,63.50,59.10,60.40,59.71,"2,606","Jan 30, 2019"
29-01-2019,61.00,62.80,58.55,59.30,58.62,"3,350","Jan 29, 2019"
28-01-2019,60.15,65.00,60.00,61.05,60.35,"7,322","Jan 28, 2019"
25-01-2019,61.15,62.50,60.55,60.95,60.25,"6,017","Jan 25, 2019"
24-01-2019,64.40,64.45,58.80,60.40,59.71,"16,084","Jan 24, 2019"
23-01-2019,64.55,66.05,63.50,65.00,64.26,"1,411","Jan 23, 2019"
22-01-2019,64.65,66.65,63.50,65.20,64.46,"1,385","Jan 22, 2019"
21-01-2019,66.95,66.95,64.55,64.65,63.91,"9,580","Jan 21, 2019"
18-01-2019,66.50,67.50,64.30,64.95,64.21,"5,717","Jan 18, 2019"
17-01-2019,68.95,68.95,66.00,66.80,66.04,"1,834","Jan 17, 2019"
16-01-2019,66.65,69.00,66.05,67.45,66.68,"15,273","Jan 16, 2019"
15-01-2019,65.80,67.00,64.50,66.20,65.44,"4,141","Jan 15, 2019"
14-01-2019,63.10,66.90,63.05,65.30,64.55,"3,018","Jan 14, 2019"
11-01-2019,65.50,66.90,63.50,64.25,63.52,"2,000","Jan 11, 2019"
10-01-2019,64.60,66.80,64.55,65.65,64.90,"1,285","Jan 10, 2019"
09-01-2019,66.05,66.05,64.75,65.00,64.26,"2,736","Jan 09, 2019"
08-01-2019,65.00,65.05,65.00,65.00,64.26,624,"Jan 08, 2019"
07-01-2019,66.50,66.50,65.05,65.20,64.46,"2,244","Jan 07, 2019"
04-01-2019,65.20,65.90,64.90,65.05,64.31,"4,131","Jan 04, 2019"
03-01-2019,66.00,66.50,65.05,65.35,64.60,"5,192","Jan 03, 2019"
02-01-2019,66.00,69.00,65.50,65.95,65.20,"20,493","Jan 02, 2019"
01-01-2019,66.50,69.70,64.15,66.70,65.94,"34,499","Jan 01, 2019"
31-12-2018,64.45,67.00,63.00,65.60,64.85,"5,959","Dec 31, 2018"
28-12-2018,64.95,65.00,62.10,64.05,63.32,"1,820","Dec 28, 2018"
27-12-2018,64.00,65.95,62.00,62.85,62.13,"3,561","Dec 27, 2018"
26-12-2018,63.55,64.00,62.60,63.10,62.38,"2,179","Dec 26, 2018"
24-12-2018,65.30,65.30,63.55,63.65,62.92,"1,670","Dec 24, 2018"
21-12-2018,64.15,68.55,64.10,65.30,64.55,"23,690","Dec 21, 2018"
20-12-2018,64.05,65.30,63.25,64.35,63.62,"2,146","Dec 20, 2018"
19-12-2018,63.05,65.50,63.05,64.35,63.62,634,"Dec 19, 2018"
18-12-2018,65.95,66.00,63.50,63.90,63.17,"2,955","Dec 18, 2018"
17-12-2018,63.00,66.00,62.30,64.40,63.67,"5,015","Dec 17, 2018"
14-12-2018,64.05,65.00,62.55,63.40,62.68,"3,213","Dec 14, 2018"
13-12-2018,65.80,67.50,63.80,65.35,64.60,"44,012","Dec 13, 2018"
12-12-2018,64.75,65.05,60.10,63.90,63.17,"19,111","Dec 12, 2018"
11-12-2018,57.45,67.80,55.90,62.95,62.23,"52,240","Dec 11, 2018"
10-12-2018,60.00,60.00,56.10,56.95,56.30,"1,971","Dec 10, 2018"
07-12-2018,63.00,63.00,56.80,57.80,57.14,"6,045","Dec 07, 2018"
06-12-2018,60.10,60.75,59.00,60.10,59.41,"3,612","Dec 06, 2018"
05-12-2018,63.00,63.00,60.30,60.95,60.25,"1,210","Dec 05, 2018"
04-12-2018,61.00,63.00,61.00,61.70,61.00,"3,746","Dec 04, 2018"
03-12-2018,61.10,63.90,61.10,61.60,60.90,"2,840","Dec 03, 2018"
30-11-2018,61.90,64.70,61.90,62.45,61.74,"4,635","Nov 30, 2018"
29-11-2018,64.00,64.00,61.25,61.75,61.05,"3,170","Nov 29, 2018"
28-11-2018,62.05,65.00,62.05,62.80,62.08,"3,774","Nov 28, 2018"
27-11-2018,66.80,66.80,62.05,63.10,62.38,"3,111","Nov 27, 2018"
26-11-2018,64.95,65.00,63.60,64.00,63.27,"2,455","Nov 26, 2018"
22-11-2018,64.00,66.00,64.00,64.40,63.67,"6,437","Nov 22, 2018"
21-11-2018,66.05,68.00,63.60,63.90,63.17,"41,327","Nov 21, 2018"
20-11-2018,65.00,66.80,64.35,65.70,64.95,"3,437","Nov 20, 2018"
19-11-2018,64.70,67.95,63.75,66.85,66.09,"11,348","Nov 19, 2018"
16-11-2018,66.65,66.65,63.00,64.15,63.42,"1,234","Nov 16, 2018"
15-11-2018,70.75,70.75,64.00,64.30,63.57,"9,715","Nov 15, 2018"
14-11-2018,69.85,71.75,68.00,68.70,67.92,"10,823","Nov 14, 2018"
13-11-2018,67.00,70.00,66.25,68.35,67.57,"8,737","Nov 13, 2018"
12-11-2018,68.10,69.75,67.20,67.70,66.93,"5,992","Nov 12, 2018"
09-11-2018,69.90,71.00,68.50,68.75,67.97,"2,362","Nov 09, 2018"
07-11-2018,68.75,72.00,68.75,69.95,69.15,"4,787","Nov 07, 2018"
06-11-2018,69.75,71.50,67.20,69.25,68.46,"3,155","Nov 06, 2018"
05-11-2018,67.00,69.90,64.50,68.90,68.11,"8,272","Nov 05, 2018"
02-11-2018,63.50,67.20,63.50,66.10,65.35,"11,773","Nov 02, 2018"
01-11-2018,63.00,65.50,62.65,63.50,62.78,"5,286","Nov 01, 2018"
31-10-2018,64.00,65.25,63.05,63.75,63.02,"3,702","Oct 31, 2018"
30-10-2018,64.10,66.20,63.15,64.15,63.42,"12,159","Oct 30, 2018"
29-10-2018,65.00,65.00,62.55,63.75,63.02,"3,287","Oct 29, 2018"
26-10-2018,63.25,65.00,62.95,63.85,63.12,"6,497","Oct 26, 2018"
25-10-2018,63.10,64.50,61.55,63.60,62.87,"3,119","Oct 25, 2018"
24-10-2018,63.00,66.90,61.60,64.60,63.86,"4,669","Oct 24, 2018"
23-10-2018,63.10,63.70,61.35,61.75,61.05,"2,689","Oct 23, 2018"
22-10-2018,66.00,66.00,63.55,64.10,63.37,"4,245","Oct 22, 2018"
19-10-2018,67.80,67.80,61.15,64.00,63.27,"6,239","Oct 19, 2018"
17-10-2018,69.85,71.00,67.20,67.80,67.03,"15,787","Oct 17, 2018"
16-10-2018,62.00,69.00,62.00,66.35,65.59,"40,802","Oct 16, 2018"
15-10-2018,60.00,62.00,60.00,61.10,60.40,"3,190","Oct 15, 2018"
12-10-2018,54.55,61.20,54.55,59.30,58.62,"19,475","Oct 12, 2018"
11-10-2018,55.00,57.70,53.65,54.15,53.53,"9,510","Oct 11, 2018"
10-10-2018,58.00,61.00,56.80,58.15,57.49,"35,138","Oct 10, 2018"
09-10-2018,59.00,61.80,58.05,58.65,57.98,"10,416","Oct 09, 2018"
08-10-2018,60.00,60.70,58.00,58.25,57.59,"15,607","Oct 08, 2018"
05-10-2018,61.40,64.55,57.90,58.65,57.98,"18,215","Oct 05, 2018"
04-10-2018,60.30,60.95,59.00,60.35,59.66,"4,124","Oct 04, 2018"
03-10-2018,60.50,63.00,60.00,62.20,61.49,"1,118","Oct 03, 2018"
01-10-2018,63.00,64.15,58.50,61.90,61.19,"7,657","Oct 01, 2018"
28-09-2018,68.40,68.50,61.10,62.70,61.98,"5,602","Sep 28, 2018"
27-09-2018,67.35,69.45,66.00,66.40,65.64,"3,564","Sep 27, 2018"
26-09-2018,69.70,69.70,66.00,67.35,66.58,"6,255","Sep 26, 2018"
25-09-2018,70.00,72.90,65.60,66.25,65.49,"8,361","Sep 25, 2018"
24-09-2018,76.70,77.50,65.65,70.25,69.45,"17,866","Sep 24, 2018"
21-09-2018,74.55,74.65,60.60,71.05,70.24,"28,687","Sep 21, 2018"
19-09-2018,75.00,78.50,74.00,74.60,73.75,"3,443","Sep 19, 2018"
18-09-2018,77.40,77.95,75.35,75.95,75.08,"3,215","Sep 18, 2018"
17-09-2018,76.50,79.20,75.00,77.05,76.17,"16,974","Sep 17, 2018"
14-09-2018,75.00,76.50,74.75,75.50,74.64,"4,149","Sep 14, 2018"
12-09-2018,76.00,76.00,74.05,74.35,73.50,"9,628","Sep 12, 2018"
11-09-2018,76.60,76.60,74.60,75.00,74.14,"5,267","Sep 11, 2018"
10-09-2018,77.55,78.00,76.60,76.80,75.92,"6,635","Sep 10, 2018"
07-09-2018,78.00,78.50,77.50,77.55,76.67,"4,226","Sep 07, 2018"
06-09-2018,77.30,81.00,77.00,77.10,76.22,"4,463","Sep 06, 2018"
05-09-2018,79.50,79.50,76.20,77.05,76.17,"6,681","Sep 05, 2018"
04-09-2018,78.25,79.50,77.10,77.35,76.47,"9,737","Sep 04, 2018"
03-09-2018,81.00,83.00,77.60,78.10,77.21,"43,823","Sep 03, 2018"
31-08-2018,83.80,83.80,81.00,81.20,80.27,"5,506","Aug 31, 2018"
30-08-2018,83.90,83.90,82.00,82.30,81.36,"17,335","Aug 30, 2018"
29-08-2018,80.95,83.40,79.35,82.55,81.61,"13,161","Aug 29, 2018"
28-08-2018,81.00,81.00,79.30,79.50,78.59,"4,653","Aug 28, 2018"
27-08-2018,82.30,83.60,80.10,80.55,79.63,"12,637","Aug 27, 2018"
24-08-2018,83.00,84.70,82.00,82.45,81.51,"8,514","Aug 24, 2018"
23-08-2018,81.60,84.40,81.60,83.55,82.60,"19,468","Aug 23, 2018"
21-08-2018,82.90,83.30,80.10,82.60,81.66,"16,224","Aug 21, 2018"
20-08-2018,81.05,81.50,78.60,80.75,79.83,"5,369","Aug 20, 2018"
17-08-2018,79.60,81.50,78.50,78.65,77.75,"6,556","Aug 17, 2018"
16-08-2018,80.00,81.90,79.50,79.65,78.74,"5,655","Aug 16, 2018"
14-08-2018,80.50,83.75,80.30,81.25,80.32,"6,250","Aug 14, 2018"
13-08-2018,83.00,83.80,80.40,81.10,80.17,"11,440","Aug 13, 2018"
10-08-2018,84.50,87.50,83.30,84.15,83.19,"29,770","Aug 10, 2018"
09-08-2018,86.60,86.60,83.05,84.15,83.19,"19,738","Aug 09, 2018"
08-08-2018,84.95,88.00,84.10,84.90,83.93,"26,572","Aug 08, 2018"
07-08-2018,83.00,86.80,83.00,84.75,83.78,"19,132","Aug 07, 2018"
06-08-2018,84.80,85.90,82.00,82.55,81.61,"23,077","Aug 06, 2018"
03-08-2018,83.00,85.65,82.05,83.90,82.94,"18,076","Aug 03, 2018"
02-08-2018,83.40,83.50,79.00,82.40,81.46,"16,256","Aug 02, 2018"
01-08-2018,82.85,85.00,81.55,82.60,81.66,"17,855","Aug 01, 2018"
31-07-2018,81.50,83.90,80.70,81.30,80.37,"18,814","Jul 31, 2018"
30-07-2018,83.20,86.00,82.55,82.70,81.76,"9,538","Jul 30, 2018"
27-07-2018,80.00,92.00,79.65,82.55,81.61,"102,634","Jul 27, 2018"
26-07-2018,79.00,80.00,78.00,79.15,78.25,"3,237","Jul 26, 2018"
25-07-2018,81.00,81.50,78.10,78.95,78.05,"14,141","Jul 25, 2018"
24-07-2018,79.00,83.90,79.00,80.80,79.88,"13,165","Jul 24, 2018"
23-07-2018,78.50,80.00,77.55,78.95,78.05,"5,199","Jul 23, 2018"
20-07-2018,75.00,78.85,74.50,77.75,76.86,"10,247","Jul 20, 2018"
19-07-2018,76.00,78.75,74.60,75.15,74.29,"10,919","Jul 19, 2018"
18-07-2018,80.00,80.50,77.00,77.35,76.47,"4,750","Jul 18, 2018"
17-07-2018,80.75,82.70,78.20,78.95,78.05,"12,714","Jul 17, 2018"
16-07-2018,78.30,78.95,77.05,78.10,77.21,"5,401","Jul 16, 2018"
13-07-2018,82.00,82.00,78.00,78.25,77.36,"4,217","Jul 13, 2018"
12-07-2018,81.00,82.75,79.70,81.30,80.37,"10,881","Jul 12, 2018"
11-07-2018,82.00,82.85,79.00,80.60,79.68,"7,675","Jul 11, 2018"
10-07-2018,79.00,80.80,78.00,80.15,79.24,"8,129","Jul 10, 2018"
09-07-2018,78.10,79.90,76.50,78.50,77.60,"15,660","Jul 09, 2018"
06-07-2018,75.05,78.50,75.05,78.10,77.21,"2,862","Jul 06, 2018"
05-07-2018,77.90,81.80,76.40,76.90,76.02,"2,069","Jul 05, 2018"
04-07-2018,79.00,80.00,77.05,78.80,77.90,"3,989","Jul 04, 2018"
03-07-2018,81.00,81.00,78.55,79.75,78.84,"10,430","Jul 03, 2018"
02-07-2018,81.00,82.00,78.50,80.00,79.09,"4,098","Jul 02, 2018"
29-06-2018,79.80,81.90,78.00,80.25,79.33,"9,605","Jun 29, 2018"
28-06-2018,76.00,78.35,74.00,76.25,75.38,"10,692","Jun 28, 2018"
27-06-2018,82.00,83.00,73.10,75.75,74.89,"20,200","Jun 27, 2018"
26-06-2018,80.00,84.85,79.50,80.95,80.03,"10,136","Jun 26, 2018"
25-06-2018,80.55,81.85,80.50,80.65,79.73,"12,093","Jun 25, 2018"
22-06-2018,82.95,82.95,80.05,80.75,79.83,"9,685","Jun 22, 2018"
21-06-2018,82.00,87.95,81.20,81.40,80.47,"4,294","Jun 21, 2018"
20-06-2018,82.50,83.95,82.10,82.40,81.46,"4,166","Jun 20, 2018"
19-06-2018,83.00,84.50,81.15,81.95,81.02,"5,269","Jun 19, 2018"
18-06-2018,83.60,83.95,82.10,82.65,81.71,"7,622","Jun 18, 2018"
15-06-2018,88.70,88.70,83.10,83.60,82.65,"11,343","Jun 15, 2018"
14-06-2018,86.10,90.00,86.10,87.10,86.11,"13,479","Jun 14, 2018"
13-06-2018,82.60,92.00,80.20,86.95,85.96,"119,242","Jun 13, 2018"
12-06-2018,82.15,83.30,81.80,82.35,81.41,"2,796","Jun 12, 2018"
11-06-2018,83.50,85.00,82.70,83.20,82.25,"3,548","Jun 11, 2018"
08-06-2018,82.00,83.95,81.45,83.20,82.25,"2,312","Jun 08, 2018"
07-06-2018,83.00,83.95,82.20,83.15,82.20,"2,654","Jun 07, 2018"
06-06-2018,79.00,83.35,79.00,81.70,80.77,"12,761","Jun 06, 2018"
05-06-2018,80.00,84.05,78.15,80.65,79.73,"9,415","Jun 05, 2018"
04-06-2018,86.00,88.00,80.70,82.10,81.16,"12,892","Jun 04, 2018"
01-06-2018,86.10,86.60,83.10,84.90,83.93,"12,913","Jun 01, 2018"
31-05-2018,89.00,89.00,85.15,86.80,85.81,"4,993","May 31, 2018"
30-05-2018,88.05,89.50,86.10,87.80,86.80,"6,736","May 30, 2018"
29-05-2018,90.00,91.25,87.80,88.80,87.79,"9,153","May 29, 2018"
28-05-2018,89.90,94.05,89.10,90.85,89.81,"53,140","May 28, 2018"
25-05-2018,87.00,92.00,85.00,89.55,88.53,"27,768","May 25, 2018"
24-05-2018,86.35,87.50,84.50,85.05,84.08,"10,604","May 24, 2018"
23-05-2018,88.90,88.90,85.00,86.15,85.17,"14,416","May 23, 2018"
22-05-2018,79.85,90.50,79.65,89.15,88.13,"68,482","May 22, 2018"
21-05-2018,86.00,87.00,80.30,80.55,79.63,"34,743","May 21, 2018"
18-05-2018,89.45,89.45,85.05,85.90,84.92,"19,264","May 18, 2018"
17-05-2018,90.00,90.00,86.60,87.10,86.11,"7,406","May 17, 2018"
16-05-2018,88.50,90.70,86.10,88.70,87.69,"19,551","May 16, 2018"
15-05-2018,89.00,90.95,87.60,88.25,87.24,"11,580","May 15, 2018"
14-05-2018,87.30,90.00,85.00,89.25,88.23,"34,666","May 14, 2018"
11-05-2018,91.00,91.00,87.55,88.30,87.29,"15,835","May 11, 2018"
10-05-2018,90.00,92.25,89.00,91.00,89.96,"17,104","May 10, 2018"
09-05-2018,88.00,91.75,88.00,90.00,88.97,"7,646","May 09, 2018"
08-05-2018,87.65,91.00,87.50,88.95,87.94,"8,213","May 08, 2018"
07-05-2018,88.95,88.95,86.30,87.95,86.95,"6,592","May 07, 2018"
04-05-2018,89.00,92.70,85.30,87.25,86.25,"18,367","May 04, 2018"
03-05-2018,91.95,91.95,88.15,88.65,87.64,"13,867","May 03, 2018"
02-05-2018,92.75,94.05,90.55,90.85,89.81,"11,671","May 02, 2018"
30-04-2018,95.90,96.50,93.35,93.85,92.78,"25,991","Apr 30, 2018"
27-04-2018,93.75,97.75,93.00,94.75,93.67,"16,090","Apr 27, 2018"
26-04-2018,93.05,94.70,91.60,92.30,91.25,"11,105","Apr 26, 2018"
25-04-2018,94.50,97.00,93.05,93.75,92.68,"10,236","Apr 25, 2018"
24-04-2018,95.00,100.40,94.00,96.40,95.30,"75,160","Apr 24, 2018"
23-04-2018,92.00,97.00,90.10,94.90,93.82,"57,136","Apr 23, 2018"
20-04-2018,91.90,92.50,90.20,90.60,89.57,"12,498","Apr 20, 2018"
19-04-2018,94.00,94.00,91.15,91.85,90.80,"9,105","Apr 19, 2018"
18-04-2018,94.25,95.95,92.25,93.10,92.04,"21,640","Apr 18, 2018"
17-04-2018,97.20,98.25,93.50,94.45,93.37,"35,858","Apr 17, 2018"
16-04-2018,99.40,101.00,97.35,98.10,96.98,"21,780","Apr 16, 2018"
13-04-2018,99.60,103.50,99.50,100.00,98.86,"139,562","Apr 13, 2018"
12-04-2018,95.00,104.60,94.85,98.90,97.77,"196,498","Apr 12, 2018"
11-04-2018,93.45,96.00,92.20,94.95,93.87,"60,644","Apr 11, 2018"
10-04-2018,92.90,96.80,91.00,92.60,91.54,"48,904","Apr 10, 2018"
09-04-2018,88.50,94.10,88.50,91.80,90.75,"39,976","Apr 09, 2018"
06-04-2018,89.50,90.90,89.00,89.35,88.33,"6,961","Apr 06, 2018"
05-04-2018,87.70,90.45,87.70,89.45,88.43,"8,304","Apr 05, 2018"
04-04-2018,86.10,91.50,86.00,86.80,85.81,"29,641","Apr 04, 2018"
03-04-2018,84.75,86.45,84.05,86.10,85.12,"10,463","Apr 03, 2018"
02-04-2018,83.00,85.25,81.10,84.80,83.83,"12,488","Apr 02, 2018"
28-03-2018,83.00,87.00,80.10,81.05,80.13,"25,696","Mar 28, 2018"
27-03-2018,85.00,87.25,83.90,84.45,83.49,"17,706","Mar 27, 2018"
26-03-2018,81.00,85.75,76.75,83.05,82.10,"67,946","Mar 26, 2018"
23-03-2018,80.00,81.00,77.35,78.85,77.95,"25,990","Mar 23, 2018"
22-03-2018,86.25,86.25,82.00,82.30,81.36,"38,838","Mar 22, 2018"
21-03-2018,87.55,89.85,84.70,85.30,84.33,"15,764","Mar 21, 2018"
20-03-2018,83.85,89.45,83.85,86.50,85.51,"16,048","Mar 20, 2018"
19-03-2018,92.95,92.95,85.50,86.30,85.32,"21,509","Mar 19, 2018"
16-03-2018,91.10,96.30,89.55,90.55,89.52,"20,041","Mar 16, 2018"
15-03-2018,89.50,93.90,88.00,92.55,91.49,"40,174","Mar 15, 2018"
14-03-2018,90.00,91.00,87.50,88.75,87.74,"11,321","Mar 14, 2018"
13-03-2018,90.35,93.50,89.60,91.05,90.01,"16,533","Mar 13, 2018"
12-03-2018,89.50,92.00,89.05,90.80,89.76,"20,961","Mar 12, 2018"
09-03-2018,87.15,90.90,87.15,88.05,87.05,"15,841","Mar 09, 2018"
08-03-2018,88.95,92.95,87.20,87.50,86.50,"27,992","Mar 08, 2018"
07-03-2018,89.95,89.95,85.50,88.35,87.34,"32,669","Mar 07, 2018"
06-03-2018,86.00,95.50,86.00,89.90,88.87,"102,274","Mar 06, 2018"
05-03-2018,90.00,90.20,85.35,87.10,86.11,"19,364","Mar 05, 2018"
01-03-2018,91.20,93.30,90.05,91.00,89.96,"13,918","Mar 01, 2018"
28-02-2018,91.00,94.00,91.00,91.85,90.80,"16,159","Feb 28, 2018"
27-02-2018,95.35,96.05,91.40,92.10,91.05,"31,733","Feb 27, 2018"
26-02-2018,93.80,99.00,93.80,94.75,93.67,"33,260","Feb 26, 2018"
23-02-2018,94.75,94.75,92.20,93.85,92.78,"28,825","Feb 23, 2018"
22-02-2018,92.20,93.30,91.15,91.80,90.75,"19,866","Feb 22, 2018"
21-02-2018,92.35,94.50,92.00,93.60,92.53,"21,567","Feb 21, 2018"
20-02-2018,92.05,94.90,91.40,92.35,91.30,"44,784","Feb 20, 2018"
19-02-2018,99.70,99.70,93.15,94.05,92.98,"48,892","Feb 19, 2018"
16-02-2018,101.80,102.80,97.50,99.20,98.07,"46,294","Feb 16, 2018"
15-02-2018,105.80,105.80,100.20,100.85,99.70,"13,437","Feb 15, 2018"
14-02-2018,102.00,106.00,101.95,104.85,103.65,"55,433","Feb 14, 2018"
12-02-2018,99.90,102.00,99.35,100.55,99.40,"39,030","Feb 12, 2018"
09-02-2018,98.50,99.95,96.20,97.40,96.29,"62,681","Feb 09, 2018"
08-02-2018,102.15,108.00,99.15,100.50,99.35,"62,348","Feb 08, 2018"
07-02-2018,101.80,104.20,100.05,101.55,100.39,"44,119","Feb 07, 2018"
06-02-2018,94.00,101.55,93.10,99.35,98.22,"79,664","Feb 06, 2018"
05-02-2018,95.50,102.90,92.10,100.60,99.45,"105,113","Feb 05, 2018"
02-02-2018,108.00,109.65,99.50,100.95,99.80,"55,003","Feb 02, 2018"
01-02-2018,108.30,116.40,102.60,110.65,109.39,"53,621","Feb 01, 2018"
31-01-2018,109.00,113.35,107.00,111.15,109.88,"41,525","Jan 31, 2018"
30-01-2018,110.00,111.55,108.00,109.35,108.10,"54,141","Jan 30, 2018"
29-01-2018,118.40,118.40,110.20,111.20,109.93,"54,297","Jan 29, 2018"
25-01-2018,125.00,125.90,116.55,118.35,117.00,"79,635","Jan 25, 2018"
24-01-2018,125.00,133.30,123.05,125.55,124.12,"241,036","Jan 24, 2018"
23-01-2018,123.00,126.70,122.05,124.65,123.23,"103,681","Jan 23, 2018"
22-01-2018,123.00,125.45,118.65,122.45,121.05,"146,284","Jan 22, 2018"
19-01-2018,110.00,124.55,108.00,122.35,120.95,"315,248","Jan 19, 2018"
18-01-2018,117.70,120.00,108.25,109.85,108.60,"70,450","Jan 18, 2018"
17-01-2018,117.95,118.40,108.65,115.15,113.84,"139,130","Jan 17, 2018"
16-01-2018,125.00,127.00,115.00,116.90,115.57,"128,349","Jan 16, 2018"
15-01-2018,128.90,129.45,122.80,123.80,122.39,"102,989","Jan 15, 2018"
12-01-2018,124.50,131.00,124.50,127.25,125.80,"144,914","Jan 12, 2018"
11-01-2018,123.00,128.00,123.00,124.50,123.08,"76,574","Jan 11, 2018"
10-01-2018,127.00,130.80,123.00,123.55,122.14,"95,576","Jan 10, 2018"
09-01-2018,132.90,133.00,125.05,125.95,124.51,"88,425","Jan 09, 2018"
08-01-2018,130.00,134.50,127.35,130.45,128.96,"156,415","Jan 08, 2018"
05-01-2018,129.30,135.00,125.10,129.10,127.63,"290,547","Jan 05, 2018"
04-01-2018,140.80,141.45,126.60,128.40,126.94,"505,041","Jan 04, 2018"
03-01-2018,114.80,136.70,114.60,136.30,134.74,"1,980,448","Jan 03, 2018"
02-01-2018,101.10,118.70,97.10,113.95,112.65,"740,312","Jan 02, 2018"
01-01-2018,107.45,107.45,100.00,100.90,99.75,"124,668","Jan 01, 2018"
29-12-2017,97.35,108.80,97.35,106.95,105.73,"335,738","Dec 29, 2017"
28-12-2017,99.15,100.05,95.10,96.90,95.79,"65,343","Dec 28, 2017"
27-12-2017,102.95,103.85,98.00,99.05,97.92,"94,416","Dec 27, 2017"
26-12-2017,104.90,105.85,100.55,101.70,100.54,"101,665","Dec 26, 2017"
22-12-2017,103.90,109.95,103.00,103.65,102.47,"423,608","Dec 22, 2017"
21-12-2017,105.50,107.00,101.10,102.90,101.73,"246,192","Dec 21, 2017"
20-12-2017,104.70,109.00,101.00,102.10,100.94,"323,681","Dec 20, 2017"
19-12-2017,97.05,106.80,97.05,102.75,101.58,"458,730","Dec 19, 2017"
18-12-2017,94.80,100.85,85.80,97.20,96.09,"457,274","Dec 18, 2017"
15-12-2017,83.00,97.80,81.65,93.70,92.63,"1,376,177","Dec 15, 2017"
14-12-2017,82.60,86.65,77.40,81.50,80.57,"157,264","Dec 14, 2017"
13-12-2017,85.55,87.90,82.00,83.10,82.15,"62,124","Dec 13, 2017"
12-12-2017,84.00,91.95,83.40,85.55,84.57,"246,628","Dec 12, 2017"
11-12-2017,83.15,87.50,83.05,85.00,84.03,"53,789","Dec 11, 2017"
08-12-2017,94.30,96.85,83.50,84.35,83.39,"586,631","Dec 08, 2017"
07-12-2017,76.95,90.35,76.10,90.35,89.32,"504,421","Dec 07, 2017"
06-12-2017,77.10,78.90,75.00,75.30,74.44,"20,747","Dec 06, 2017"
05-12-2017,80.20,83.00,77.30,78.80,77.90,"29,750","Dec 05, 2017"
04-12-2017,79.00,82.30,75.55,81.75,80.82,"137,689","Dec 04, 2017"
01-12-2017,70.30,77.85,70.30,74.85,74.00,"55,920","Dec 01, 2017"
30-11-2017,72.00,72.00,71.00,71.75,70.93,"3,517","Nov 30, 2017"
29-11-2017,73.00,73.50,71.60,71.85,71.03,"6,948","Nov 29, 2017"
28-11-2017,74.00,74.00,71.30,71.35,70.54,"15,999","Nov 28, 2017"
27-11-2017,76.20,76.20,72.95,73.15,72.32,"10,191","Nov 27, 2017"
24-11-2017,77.05,79.90,74.50,75.20,74.34,"34,445","Nov 24, 2017"
23-11-2017,69.95,74.10,66.85,74.10,73.25,"44,233","Nov 23, 2017"
22-11-2017,69.00,69.00,67.00,67.40,66.63,"6,178","Nov 22, 2017"
21-11-2017,67.45,69.75,66.20,66.90,66.14,"12,526","Nov 21, 2017"
20-11-2017,69.90,69.90,68.60,69.00,68.21,"4,896","Nov 20, 2017"
17-11-2017,69.00,70.50,68.20,69.10,68.31,"4,121","Nov 17, 2017"
16-11-2017,69.80,69.80,68.25,68.75,67.97,"2,115","Nov 16, 2017"
15-11-2017,69.05,71.20,67.55,68.15,67.37,"8,873","Nov 15, 2017"
14-11-2017,68.00,71.40,67.00,69.75,68.95,"6,385","Nov 14, 2017"
13-11-2017,73.75,73.75,69.60,70.10,69.30,"11,594","Nov 13, 2017"
10-11-2017,70.35,72.55,70.35,71.65,70.83,"5,526","Nov 10, 2017"
09-11-2017,68.85,73.80,68.60,72.55,71.72,"8,083","Nov 09, 2017"
08-11-2017,69.05,72.75,68.20,69.90,69.10,"7,040","Nov 08, 2017"
07-11-2017,73.80,73.80,69.60,70.20,69.40,"12,169","Nov 07, 2017"
06-11-2017,72.85,74.50,71.75,72.05,71.23,"9,772","Nov 06, 2017"
03-11-2017,73.95,73.95,71.45,72.10,71.28,"5,113","Nov 03, 2017"
02-11-2017,70.50,73.85,67.15,71.40,70.59,"18,454","Nov 02, 2017"
01-11-2017,70.00,70.90,69.45,69.95,69.15,"10,635","Nov 01, 2017"
31-10-2017,68.80,69.90,68.70,69.05,68.26,"15,219","Oct 31, 2017"
30-10-2017,68.50,71.00,68.50,69.10,68.31,"19,787","Oct 30, 2017"
27-10-2017,71.00,71.00,68.00,68.50,67.72,"23,033","Oct 27, 2017"
26-10-2017,69.20,71.30,68.10,69.55,68.76,"7,476","Oct 26, 2017"
25-10-2017,71.10,74.40,68.30,69.95,69.15,"9,162","Oct 25, 2017"
24-10-2017,73.00,73.00,70.70,72.00,71.18,"23,717","Oct 24, 2017"
23-10-2017,72.60,73.00,71.05,71.80,70.98,"1,101","Oct 23, 2017"
19-10-2017,74.50,74.50,71.20,72.65,71.82,"4,590","Oct 19, 2017"
18-10-2017,72.95,73.45,70.15,72.15,71.33,"2,578","Oct 18, 2017"
17-10-2017,70.25,72.75,70.10,71.50,70.68,"1,843","Oct 17, 2017"
16-10-2017,71.10,72.95,70.45,70.85,70.04,"5,810","Oct 16, 2017"
13-10-2017,74.80,74.80,70.70,71.10,70.29,"5,530","Oct 13, 2017"
12-10-2017,72.85,74.60,71.00,71.60,70.78,"9,014","Oct 12, 2017"
11-10-2017,73.05,75.95,70.80,72.40,71.57,"14,225","Oct 11, 2017"
10-10-2017,75.00,77.00,73.00,73.65,72.81,"11,985","Oct 10, 2017"
09-10-2017,73.70,75.00,73.05,73.30,72.46,"4,729","Oct 09, 2017"
06-10-2017,70.15,75.00,70.15,74.55,73.70,"5,794","Oct 06, 2017"
05-10-2017,72.10,73.65,71.00,71.65,70.83,"5,613","Oct 05, 2017"
04-10-2017,73.10,74.85,70.50,72.95,72.12,"20,406","Oct 04, 2017"
03-10-2017,74.30,75.45,70.65,74.20,73.35,"6,431","Oct 03, 2017"
29-09-2017,72.00,73.50,71.05,73.25,72.41,"14,539","Sep 29, 2017"
28-09-2017,70.70,70.70,69.50,70.00,69.20,"2,858","Sep 28, 2017"
27-09-2017,69.85,72.00,68.55,68.90,68.11,"12,673","Sep 27, 2017"
26-09-2017,70.00,72.25,69.55,70.40,69.60,"7,945","Sep 26, 2017"
25-09-2017,69.65,70.35,64.85,69.35,68.56,"11,290","Sep 25, 2017"
22-09-2017,69.00,70.75,67.60,68.25,67.47,"13,374","Sep 22, 2017"
21-09-2017,72.35,73.00,70.00,70.95,70.14,"15,781","Sep 21, 2017"
20-09-2017,72.05,74.95,72.05,73.15,72.32,"11,779","Sep 20, 2017"
19-09-2017,73.70,73.70,71.90,72.20,71.38,"30,629","Sep 19, 2017"
18-09-2017,73.40,74.00,70.60,72.75,71.92,"28,185","Sep 18, 2017"
15-09-2017,75.50,75.50,73.10,73.50,72.66,"4,473","Sep 15, 2017"
14-09-2017,73.20,76.50,73.20,74.15,73.30,"13,698","Sep 14, 2017"
13-09-2017,72.55,77.85,72.55,74.80,73.95,"25,751","Sep 13, 2017"
12-09-2017,78.00,78.50,74.60,74.60,73.75,"33,786","Sep 12, 2017"
11-09-2017,79.85,80.30,78.50,78.50,77.60,"21,715","Sep 11, 2017"
08-09-2017,87.85,87.85,82.05,82.60,81.66,"17,278","Sep 08, 2017"
07-09-2017,87.00,88.00,86.00,86.35,85.36,"8,754","Sep 07, 2017"
06-09-2017,79.65,86.00,79.65,86.00,85.02,"26,136","Sep 06, 2017"
05-09-2017,79.45,83.85,79.45,81.95,81.02,"20,245","Sep 05, 2017"
04-09-2017,84.10,84.15,81.60,81.90,80.97,"5,010","Sep 04, 2017"
01-09-2017,83.25,86.00,83.25,84.95,83.98,"5,495","Sep 01, 2017"
31-08-2017,84.50,87.00,84.10,85.25,84.28,"6,784","Aug 31, 2017"
30-08-2017,82.25,87.70,82.25,85.30,84.33,"16,766","Aug 30, 2017"
29-08-2017,89.00,89.90,83.55,83.55,82.60,"13,102","Aug 29, 2017"
28-08-2017,87.60,89.50,84.55,87.90,86.90,"50,429","Aug 28, 2017"
24-08-2017,84.95,85.70,83.00,85.25,84.28,"26,990","Aug 24, 2017"
23-08-2017,75.00,81.65,75.00,81.65,80.72,"19,131","Aug 23, 2017"
22-08-2017,77.00,79.95,76.10,77.80,76.91,"12,336","Aug 22, 2017"
21-08-2017,72.60,76.70,72.05,76.20,75.33,"9,303","Aug 21, 2017"
18-08-2017,73.00,75.40,72.70,73.05,72.22,"4,033","Aug 18, 2017"
17-08-2017,73.85,77.50,72.00,73.85,73.01,"6,490","Aug 17, 2017"
16-08-2017,72.05,76.00,71.75,74.50,73.65,"7,938","Aug 16, 2017"
14-08-2017,71.90,73.40,68.10,73.40,72.56,"6,046","Aug 14, 2017"
11-08-2017,68.50,71.85,68.50,69.95,69.15,"13,314","Aug 11, 2017"
10-08-2017,72.20,75.35,70.10,71.40,70.59,"14,288","Aug 10, 2017"
09-08-2017,74.70,77.30,73.00,73.30,72.46,"5,711","Aug 09, 2017"
08-08-2017,77.00,79.50,73.35,76.60,75.73,"12,079","Aug 08, 2017"
07-08-2017,74.50,76.85,69.60,76.85,75.97,"14,067","Aug 07, 2017"
04-08-2017,76.00,78.00,73.15,73.20,72.36,"24,634","Aug 04, 2017"
03-08-2017,78.70,80.40,76.10,77.00,76.12,"5,401","Aug 03, 2017"
02-08-2017,80.00,81.45,78.55,78.70,77.80,"15,546","Aug 02, 2017"
01-08-2017,80.00,82.00,77.45,80.00,79.09,"4,860","Aug 01, 2017"
31-07-2017,78.30,81.75,78.30,80.50,79.58,"4,762","Jul 31, 2017"
28-07-2017,80.50,83.15,80.50,82.40,81.46,"7,202","Jul 28, 2017"
27-07-2017,83.00,84.00,82.00,82.10,81.16,"6,105","Jul 27, 2017"
26-07-2017,82.20,83.90,82.15,82.90,81.95,"3,315","Jul 26, 2017"
25-07-2017,85.00,86.00,81.60,83.20,82.25,"11,785","Jul 25, 2017"
24-07-2017,85.00,86.80,84.00,84.50,83.54,"7,865","Jul 24, 2017"
21-07-2017,89.30,89.30,84.60,86.95,85.96,"9,777","Jul 21, 2017"
20-07-2017,86.55,89.00,86.00,86.70,85.71,"4,711","Jul 20, 2017"
19-07-2017,88.40,88.50,86.05,87.00,86.01,"6,765","Jul 19, 2017"
18-07-2017,88.60,90.75,86.00,86.70,85.71,"8,784","Jul 18, 2017"
17-07-2017,86.20,90.50,86.00,89.10,88.08,"9,266","Jul 17, 2017"
14-07-2017,90.00,93.00,88.10,89.10,88.08,"17,221","Jul 14, 2017"
13-07-2017,93.60,94.00,90.00,91.30,90.26,"15,861","Jul 13, 2017"
12-07-2017,91.00,93.00,86.50,91.80,90.75,"29,130","Jul 12, 2017"
11-07-2017,87.00,91.00,85.30,88.95,87.94,"16,039","Jul 11, 2017"
10-07-2017,85.55,89.85,83.15,87.65,86.65,"2,423","Jul 10, 2017"
07-07-2017,84.50,89.90,84.50,85.60,84.62,"22,219","Jul 07, 2017"
06-07-2017,88.00,90.00,87.00,87.05,86.06,"14,613","Jul 06, 2017"
05-07-2017,89.60,93.90,86.80,88.00,87.00,"18,508","Jul 05, 2017"
04-07-2017,83.00,90.10,83.00,89.60,88.58,"36,850","Jul 04, 2017"
03-07-2017,82.10,89.00,81.80,85.85,84.87,"29,526","Jul 03, 2017"
30-06-2017,86.05,88.00,84.50,86.10,85.12,"10,693","Jun 30, 2017"
29-06-2017,83.05,91.65,83.05,88.30,87.29,"30,388","Jun 29, 2017"
28-06-2017,87.25,89.50,87.25,87.40,86.40,"38,059","Jun 28, 2017"
27-06-2017,91.80,91.80,91.80,91.80,90.75,"9,879","Jun 27, 2017"
23-06-2017,101.65,101.65,96.60,96.60,95.50,"24,227","Jun 23, 2017"
22-06-2017,106.95,106.95,101.65,101.65,100.49,"47,981","Jun 22, 2017"
21-06-2017,99.80,109.35,93.10,106.95,105.73,"883,137","Jun 21, 2017"
20-06-2017,106.50,109.50,99.45,99.45,98.32,"501,572","Jun 20, 2017"
19-06-2017,99.00,113.40,97.50,110.45,109.19,"1,711,596","Jun 19, 2017"
16-06-2017,99.60,103.70,95.00,98.25,97.13,"589,196","Jun 16, 2017"
15-06-2017,95.00,104.60,94.95,97.90,96.78,"1,861,385","Jun 15, 2017"
14-06-2017,76.50,91.20,74.65,90.90,89.86,"1,074,543","Jun 14, 2017"
13-06-2017,75.20,76.90,74.55,76.00,75.13,"37,769","Jun 13, 2017"
12-06-2017,75.70,76.95,73.65,75.75,74.89,"41,492","Jun 12, 2017"
09-06-2017,76.60,78.50,75.35,75.90,75.03,"44,579","Jun 09, 2017"
08-06-2017,78.40,79.60,75.20,75.70,74.84,"83,525","Jun 08, 2017"
07-06-2017,75.95,80.45,75.00,77.75,76.86,"343,693","Jun 07, 2017"
06-06-2017,67.65,77.50,65.50,75.55,74.69,"583,020","Jun 06, 2017"
05-06-2017,67.45,67.85,66.40,66.90,66.14,"16,457","Jun 05, 2017"
02-06-2017,63.10,68.60,63.10,66.65,65.89,"68,244","Jun 02, 2017"
01-06-2017,65.00,65.75,63.65,64.75,64.01,"6,531","Jun 01, 2017"
31-05-2017,65.90,66.15,64.20,64.55,63.81,"10,176","May 31, 2017"
30-05-2017,64.50,69.65,64.50,65.90,65.15,"73,631","May 30, 2017"
29-05-2017,64.00,64.50,62.50,62.80,62.08,"6,129","May 29, 2017"
26-05-2017,63.95,66.25,62.00,64.50,63.76,"24,890","May 26, 2017"
25-05-2017,61.45,63.45,60.65,62.75,62.03,"5,167","May 25, 2017"
24-05-2017,64.00,64.00,59.85,60.30,59.61,"11,743","May 24, 2017"
23-05-2017,64.60,64.60,61.10,62.20,61.49,"11,761","May 23, 2017"
22-05-2017,68.00,68.15,64.05,64.95,64.21,"25,379","May 22, 2017"
19-05-2017,69.25,69.30,66.30,66.50,65.74,"29,213","May 19, 2017"
18-05-2017,69.50,70.00,67.00,67.55,66.78,"29,306","May 18, 2017"
17-05-2017,68.10,71.50,68.10,69.60,68.81,"36,977","May 17, 2017"
16-05-2017,69.40,70.30,67.75,69.35,68.56,"36,283","May 16, 2017"
15-05-2017,67.95,70.25,65.60,69.35,68.56,"62,625","May 15, 2017"
12-05-2017,67.60,69.25,66.20,66.35,65.59,"59,910","May 12, 2017"
11-05-2017,67.10,67.40,65.25,66.10,65.35,"34,631","May 11, 2017"
10-05-2017,67.90,68.80,66.00,67.05,66.29,"30,256","May 10, 2017"
09-05-2017,67.10,68.00,66.00,66.60,65.84,"11,024","May 09, 2017"
08-05-2017,67.25,68.50,66.60,67.25,66.48,"5,575","May 08, 2017"
05-05-2017,69.20,69.70,66.10,67.65,66.88,"20,919","May 05, 2017"
04-05-2017,68.95,71.40,68.30,69.90,69.10,"81,934","May 04, 2017"
03-05-2017,67.95,69.00,66.60,68.10,67.32,"26,253","May 03, 2017"
02-05-2017,67.00,69.00,65.30,66.50,65.74,"19,468","May 02, 2017"
28-04-2017,69.75,69.75,67.50,67.70,66.93,"13,503","Apr 28, 2017"
27-04-2017,71.40,71.40,67.80,68.55,67.77,"14,886","Apr 27, 2017"
26-04-2017,73.00,73.00,69.05,69.65,68.86,"30,433","Apr 26, 2017"
25-04-2017,70.20,74.45,70.05,72.30,71.48,"104,033","Apr 25, 2017"
24-04-2017,69.20,71.25,69.05,69.55,68.76,"31,963","Apr 24, 2017"
21-04-2017,70.90,71.80,68.70,69.25,68.46,"72,120","Apr 21, 2017"
20-04-2017,69.60,71.45,68.90,69.30,68.51,"41,379","Apr 20, 2017"
19-04-2017,66.45,71.30,65.35,70.50,69.70,"149,081","Apr 19, 2017"
18-04-2017,69.35,69.65,66.05,66.60,65.84,"58,316","Apr 18, 2017"
17-04-2017,71.90,71.90,67.30,67.60,66.83,"57,025","Apr 17, 2017"
13-04-2017,70.50,73.45,68.70,69.75,68.95,"132,031","Apr 13, 2017"
12-04-2017,65.50,71.50,64.10,70.70,69.89,"336,155","Apr 12, 2017"
11-04-2017,63.80,66.45,61.55,65.85,65.10,"149,263","Apr 11, 2017"
10-04-2017,63.40,65.70,62.05,62.45,61.74,"120,255","Apr 10, 2017"
07-04-2017,58.35,65.95,56.30,61.35,60.65,"356,234","Apr 07, 2017"
06-04-2017,57.00,58.00,55.85,56.75,56.10,"10,131","Apr 06, 2017"
05-04-2017,56.90,58.30,56.90,57.35,56.70,"19,176","Apr 05, 2017"
03-04-2017,55.90,57.75,55.15,57.10,56.45,"13,194","Apr 03, 2017"
31-03-2017,57.25,57.25,55.05,56.20,55.56,"7,441","Mar 31, 2017"
30-03-2017,54.20,57.25,54.20,56.50,55.86,"14,553","Mar 30, 2017"
29-03-2017,56.00,56.35,54.55,55.10,54.47,"5,485","Mar 29, 2017"
28-03-2017,56.10,57.35,55.50,55.65,55.02,"12,500","Mar 28, 2017"
27-03-2017,58.00,58.40,55.50,55.70,55.06,"10,359","Mar 27, 2017"
24-03-2017,57.95,58.55,56.50,57.10,56.45,"20,838","Mar 24, 2017"
23-03-2017,56.20,57.55,56.20,57.10,56.45,"15,571","Mar 23, 2017"
22-03-2017,56.70,57.50,55.60,56.35,55.71,"20,452","Mar 22, 2017"
21-03-2017,58.00,59.00,55.35,56.45,55.81,"16,559","Mar 21, 2017"
20-03-2017,58.65,58.80,57.20,57.85,57.19,"7,596","Mar 20, 2017"
17-03-2017,59.00,61.00,57.85,58.25,57.59,"43,291","Mar 17, 2017"
16-03-2017,60.05,60.70,59.15,59.65,58.97,"26,474","Mar 16, 2017"
15-03-2017,59.30,61.40,58.90,59.50,58.82,"63,887","Mar 15, 2017"
14-03-2017,59.50,62.20,56.35,58.95,58.28,"319,079","Mar 14, 2017"
10-03-2017,58.95,59.00,56.35,57.00,56.35,"38,539","Mar 10, 2017"
09-03-2017,57.95,57.95,55.10,56.25,55.61,"5,113","Mar 09, 2017"
08-03-2017,57.85,58.80,56.00,56.35,55.71,"19,507","Mar 08, 2017"
07-03-2017,59.25,59.25,57.50,58.00,57.34,"37,623","Mar 07, 2017"
06-03-2017,56.25,60.45,56.15,58.45,57.78,"203,170","Mar 06, 2017"
03-03-2017,55.00,57.75,54.60,56.25,55.61,"71,691","Mar 03, 2017"
02-03-2017,56.85,57.45,54.60,54.75,54.13,"39,616","Mar 02, 2017"
01-03-2017,54.30,58.35,52.55,56.10,55.46,"92,608","Mar 01, 2017"
28-02-2017,56.70,56.70,54.10,54.50,53.88,"26,481","Feb 28, 2017"
27-02-2017,54.90,56.85,54.60,55.25,54.62,"98,950","Feb 27, 2017"
23-02-2017,55.75,56.25,54.20,54.45,53.83,"62,407","Feb 23, 2017"
22-02-2017,52.65,55.40,50.15,54.15,53.53,"101,209","Feb 22, 2017"
21-02-2017,50.40,52.00,50.25,50.65,50.07,"17,287","Feb 21, 2017"
20-02-2017,51.75,52.75,50.60,50.75,50.17,"7,443","Feb 20, 2017"
17-02-2017,51.05,54.00,51.05,51.75,51.16,"8,819","Feb 17, 2017"
16-02-2017,51.05,56.10,51.05,52.30,51.70,"10,700","Feb 16, 2017"
15-02-2017,53.05,53.95,50.65,51.45,50.86,"19,855","Feb 15, 2017"
14-02-2017,52.05,56.40,52.00,53.80,53.19,"143,564","Feb 14, 2017"
13-02-2017,51.00,53.00,50.70,52.20,51.60,"17,588","Feb 13, 2017"
10-02-2017,51.00,53.50,50.35,51.10,50.52,"7,780","Feb 10, 2017"
09-02-2017,52.95,52.95,51.00,51.45,50.86,"8,731","Feb 09, 2017"
08-02-2017,53.10,54.40,51.45,52.60,52.00,"7,519","Feb 08, 2017"
07-02-2017,54.00,56.00,52.55,53.10,52.49,"3,183","Feb 07, 2017"
06-02-2017,52.00,55.45,51.10,54.00,53.38,"42,723","Feb 06, 2017"
03-02-2017,53.70,55.35,51.35,52.40,51.80,"22,556","Feb 03, 2017"
02-02-2017,51.95,56.40,51.65,53.65,53.04,"240,149","Feb 02, 2017"
01-02-2017,49.95,52.00,48.05,51.50,50.91,"29,162","Feb 01, 2017"
31-01-2017,50.00,50.45,48.00,48.60,48.05,"6,163","Jan 31, 2017"
30-01-2017,47.00,51.80,47.00,50.55,49.97,"93,527","Jan 30, 2017"
27-01-2017,47.50,48.00,47.00,47.20,46.66,"6,427","Jan 27, 2017"
25-01-2017,47.75,49.50,47.25,47.75,47.21,"11,819","Jan 25, 2017"
24-01-2017,46.60,47.40,46.20,46.50,45.97,656,"Jan 24, 2017"
23-01-2017,46.10,47.80,45.80,47.30,46.76,"3,058","Jan 23, 2017"
20-01-2017,47.00,47.00,46.05,46.10,45.57,"7,140","Jan 20, 2017"
19-01-2017,46.60,47.15,46.30,46.65,46.12,"4,631","Jan 19, 2017"
18-01-2017,48.50,48.50,47.30,47.30,46.76,"2,455","Jan 18, 2017"
17-01-2017,47.40,47.55,46.00,47.10,46.56,"5,680","Jan 17, 2017"
16-01-2017,48.00,49.00,46.10,47.60,47.06,"5,659","Jan 16, 2017"
13-01-2017,48.05,48.55,47.30,47.45,46.91,"3,197","Jan 13, 2017"
12-01-2017,48.20,48.95,47.65,48.15,47.60,"3,886","Jan 12, 2017"
11-01-2017,50.10,50.15,48.75,48.85,48.29,"7,436","Jan 11, 2017"
10-01-2017,49.00,52.00,47.60,50.30,49.73,"14,164","Jan 10, 2017"
09-01-2017,47.00,50.00,47.00,49.00,48.44,"14,190","Jan 09, 2017"
06-01-2017,46.85,46.85,46.00,46.00,45.48,288,"Jan 06, 2017"
05-01-2017,48.65,48.65,46.10,47.00,46.46,"1,590","Jan 05, 2017"
04-01-2017,45.65,48.95,45.65,47.25,46.71,"14,811","Jan 04, 2017"
03-01-2017,47.90,47.90,44.70,45.70,45.18,"8,724","Jan 03, 2017"
02-01-2017,46.50,46.50,44.20,44.95,44.44,"3,078","Jan 02, 2017"
30-12-2016,45.50,45.90,44.40,45.00,44.49,"4,475","Dec 30, 2016"
29-12-2016,45.30,46.20,44.35,45.55,45.03,"1,753","Dec 29, 2016"
28-12-2016,45.75,45.75,44.25,44.40,43.89,"3,397","Dec 28, 2016"
27-12-2016,44.10,45.85,43.20,44.65,44.14,"1,875","Dec 27, 2016"
26-12-2016,44.30,45.85,43.60,45.15,44.63,"1,503","Dec 26, 2016"
23-12-2016,45.80,46.00,44.25,45.30,44.78,"2,663","Dec 23, 2016"
22-12-2016,45.25,45.50,44.35,44.40,43.89,"1,289","Dec 22, 2016"
21-12-2016,44.80,46.90,44.70,45.15,44.63,"4,293","Dec 21, 2016"
20-12-2016,45.45,47.60,44.70,45.30,44.78,"2,602","Dec 20, 2016"
19-12-2016,46.15,46.25,45.20,45.30,44.78,"1,100","Dec 19, 2016"
16-12-2016,48.90,48.95,46.00,46.20,45.67,"3,378","Dec 16, 2016"
15-12-2016,47.70,48.95,47.05,47.30,46.76,"2,280","Dec 15, 2016"
14-12-2016,50.65,50.65,47.50,48.35,47.80,"3,839","Dec 14, 2016"
13-12-2016,48.80,51.20,48.80,49.30,48.74,"17,983","Dec 13, 2016"
12-12-2016,48.95,51.00,47.50,47.75,47.21,"11,307","Dec 12, 2016"
09-12-2016,47.00,48.75,45.55,47.90,47.35,"14,885","Dec 09, 2016"
08-12-2016,45.00,48.25,45.00,47.85,47.30,"9,087","Dec 08, 2016"
07-12-2016,44.80,45.85,44.70,45.25,44.73,"1,110","Dec 07, 2016"
06-12-2016,44.80,47.20,44.80,45.10,44.59,859,"Dec 06, 2016"
05-12-2016,44.70,46.30,43.80,45.15,44.63,247,"Dec 05, 2016"
02-12-2016,46.35,46.35,45.00,45.20,44.68,"3,404","Dec 02, 2016"
01-12-2016,43.80,45.85,43.80,44.80,44.29,"2,867","Dec 01, 2016"
30-11-2016,44.60,45.80,44.20,44.20,43.70,"1,530","Nov 30, 2016"
29-11-2016,43.00,46.65,43.00,44.60,44.09,"21,068","Nov 29, 2016"
28-11-2016,42.00,43.40,41.20,42.40,41.92,"3,320","Nov 28, 2016"
25-11-2016,41.35,43.00,41.35,42.50,42.02,"6,546","Nov 25, 2016"
24-11-2016,40.70,42.25,40.70,41.10,40.63,"19,153","Nov 24, 2016"
23-11-2016,41.20,43.65,39.65,40.80,40.33,"40,443","Nov 23, 2016"
22-11-2016,44.00,44.75,39.10,41.15,40.68,"35,851","Nov 22, 2016"
21-11-2016,43.25,44.00,40.65,42.65,42.16,"2,239","Nov 21, 2016"
18-11-2016,43.15,44.80,42.55,43.90,43.40,"2,136","Nov 18, 2016"
17-11-2016,42.70,44.00,42.45,43.20,42.71,"7,370","Nov 17, 2016"
16-11-2016,43.55,44.90,42.10,42.70,42.21,"15,617","Nov 16, 2016"
15-11-2016,47.20,47.20,42.55,43.45,42.95,"20,593","Nov 15, 2016"
11-11-2016,49.80,49.80,46.00,47.15,46.61,"15,706","Nov 11, 2016"
10-11-2016,52.90,53.95,50.25,50.85,50.27,"12,246","Nov 10, 2016"
09-11-2016,43.10,51.00,43.10,50.00,49.43,"10,945","Nov 09, 2016"
08-11-2016,51.60,52.75,51.35,52.15,51.56,"3,387","Nov 08, 2016"
07-11-2016,52.05,52.90,51.55,51.80,51.21,"7,918","Nov 07, 2016"
04-11-2016,54.50,54.50,51.00,51.60,51.01,"6,863","Nov 04, 2016"
03-11-2016,52.15,57.10,52.15,54.10,53.48,"93,686","Nov 03, 2016"
02-11-2016,52.75,54.20,51.00,51.95,51.36,"7,569","Nov 02, 2016"
01-11-2016,53.00,54.55,52.55,53.30,52.69,"20,910","Nov 01, 2016"
28-10-2016,52.15,54.90,52.15,53.90,53.29,"46,640","Oct 28, 2016"
27-10-2016,53.00,53.45,51.50,52.10,51.51,"9,851","Oct 27, 2016"
26-10-2016,53.50,54.65,50.10,53.15,52.54,"60,521","Oct 26, 2016"
25-10-2016,50.50,53.50,48.00,51.95,51.36,"109,949","Oct 25, 2016"
24-10-2016,48.35,50.00,48.05,48.80,48.24,"15,859","Oct 24, 2016"
21-10-2016,48.75,49.65,48.00,48.35,47.80,"7,775","Oct 21, 2016"
20-10-2016,47.55,50.45,47.55,48.95,48.39,"34,982","Oct 20, 2016"
19-10-2016,47.90,48.00,46.00,47.60,47.06,"37,264","Oct 19, 2016"
18-10-2016,45.50,52.00,45.25,47.90,47.35,"144,680","Oct 18, 2016"
17-10-2016,45.30,46.65,44.50,45.50,44.98,"4,281","Oct 17, 2016"
14-10-2016,45.00,48.00,45.00,45.45,44.93,"3,362","Oct 14, 2016"
13-10-2016,47.15,48.00,45.70,45.80,45.28,"3,995","Oct 13, 2016"
10-10-2016,46.40,47.40,46.30,47.20,46.66,"3,292","Oct 10, 2016"
07-10-2016,46.10,47.40,45.70,46.45,45.92,"4,546","Oct 07, 2016"
06-10-2016,46.10,46.45,45.85,46.05,45.52,"3,013","Oct 06, 2016"
05-10-2016,46.30,47.00,45.85,46.10,45.57,"7,583","Oct 05, 2016"
04-10-2016,47.00,47.00,45.50,46.20,45.67,"4,472","Oct 04, 2016"
03-10-2016,47.90,47.90,45.50,47.00,46.46,"3,548","Oct 03, 2016"
30-09-2016,45.00,46.70,44.00,46.15,45.62,"10,722","Sep 30, 2016"
29-09-2016,46.60,48.30,44.00,44.35,43.84,"12,299","Sep 29, 2016"
28-09-2016,46.70,47.55,46.55,46.70,46.17,"4,382","Sep 28, 2016"
27-09-2016,47.00,48.40,46.85,47.40,46.86,"5,608","Sep 27, 2016"
26-09-2016,50.00,50.00,47.15,47.40,46.86,"7,459","Sep 26, 2016"
23-09-2016,48.95,48.95,47.00,48.05,47.50,"5,813","Sep 23, 2016"
22-09-2016,47.50,48.00,47.40,47.45,46.91,"7,063","Sep 22, 2016"
21-09-2016,48.80,48.95,47.10,47.50,46.96,"7,628","Sep 21, 2016"
20-09-2016,47.20,48.35,47.00,47.65,47.11,"9,100","Sep 20, 2016"
19-09-2016,46.80,48.45,46.80,47.55,47.01,"8,587","Sep 19, 2016"
16-09-2016,49.95,51.00,46.25,48.70,48.14,"37,815","Sep 16, 2016"
15-09-2016,44.65,48.40,44.65,48.10,47.55,"20,185","Sep 15, 2016"
14-09-2016,45.70,46.00,45.00,45.60,45.08,"6,194","Sep 14, 2016"
12-09-2016,45.50,46.00,44.05,45.25,44.73,"6,351","Sep 12, 2016"
09-09-2016,44.75,46.00,44.75,45.85,45.33,"6,543","Sep 09, 2016"
08-09-2016,45.80,45.80,44.50,45.30,44.78,"4,923","Sep 08, 2016"
07-09-2016,45.00,45.50,44.65,44.85,44.34,"11,633","Sep 07, 2016"
07-09-2016,0.5 Dividend,,,,,,"Sep 07, 2016"
06-09-2016,44.65,46.45,44.65,45.55,44.54,"5,539","Sep 06, 2016"
06-09-2016,0.5 Dividend,,,,,,"Sep 06, 2016"
02-09-2016,45.75,45.75,44.55,45.15,43.66,"8,808","Sep 02, 2016"
01-09-2016,45.30,45.90,44.50,44.65,43.17,"4,584","Sep 01, 2016"
31-08-2016,45.40,45.70,44.05,45.10,43.61,"9,573","Aug 31, 2016"
30-08-2016,45.45,45.85,45.30,45.50,43.99,"3,862","Aug 30, 2016"
29-08-2016,46.40,46.40,45.55,45.65,44.14,"3,170","Aug 29, 2016"
26-08-2016,46.30,46.30,45.55,45.75,44.24,"5,412","Aug 26, 2016"
25-08-2016,45.60,47.40,45.60,46.25,44.72,"12,448","Aug 25, 2016"
24-08-2016,46.05,46.90,45.30,45.95,44.43,"10,106","Aug 24, 2016"
23-08-2016,45.90,46.80,45.55,46.30,44.77,"7,182","Aug 23, 2016"
22-08-2016,46.90,46.90,45.15,46.05,44.53,"19,798","Aug 22, 2016"
19-08-2016,47.35,47.40,46.30,46.50,44.96,"16,230","Aug 19, 2016"
18-08-2016,47.20,47.50,46.60,46.95,45.40,"8,550","Aug 18, 2016"
17-08-2016,46.90,47.00,46.35,46.85,45.30,"7,132","Aug 17, 2016"
16-08-2016,47.00,47.00,46.50,46.90,45.35,"6,174","Aug 16, 2016"
12-08-2016,47.90,47.90,46.75,46.95,45.40,"5,525","Aug 12, 2016"
11-08-2016,47.90,47.90,47.20,47.45,45.88,"5,457","Aug 11, 2016"
10-08-2016,48.10,49.50,47.70,47.95,46.36,"11,605","Aug 10, 2016"
09-08-2016,48.70,48.90,48.15,48.35,46.75,"4,745","Aug 09, 2016"
08-08-2016,48.90,49.55,48.40,48.95,47.33,"4,740","Aug 08, 2016"
05-08-2016,49.85,49.85,48.90,49.15,47.52,"4,113","Aug 05, 2016"
04-08-2016,49.55,50.60,49.20,49.25,47.62,"4,384","Aug 04, 2016"
03-08-2016,49.60,50.20,49.00,50.00,48.35,"5,961","Aug 03, 2016"
02-08-2016,49.90,53.90,49.10,50.25,48.59,"16,795","Aug 02, 2016"
01-08-2016,49.50,51.40,48.65,49.45,47.81,"16,339","Aug 01, 2016"
29-07-2016,50.00,51.00,49.75,49.90,48.25,"9,837","Jul 29, 2016"
28-07-2016,51.90,53.50,49.65,50.15,48.49,"30,050","Jul 28, 2016"
27-07-2016,51.85,52.40,50.50,51.55,49.84,"6,491","Jul 27, 2016"
26-07-2016,53.40,53.50,51.25,51.45,49.75,"13,178","Jul 26, 2016"
25-07-2016,53.20,55.65,52.25,52.90,51.15,"19,648","Jul 25, 2016"
22-07-2016,52.65,53.65,52.10,52.75,51.00,"9,958","Jul 22, 2016"
21-07-2016,53.10,54.35,52.35,53.20,51.44,"27,749","Jul 21, 2016"
20-07-2016,54.20,54.30,52.00,53.15,51.39,"25,730","Jul 20, 2016"
19-07-2016,51.20,54.80,51.10,53.25,51.49,"144,516","Jul 19, 2016"
18-07-2016,53.50,54.00,49.15,51.05,49.36,"33,525","Jul 18, 2016"
15-07-2016,48.00,53.90,47.65,51.20,49.51,"68,506","Jul 15, 2016"
14-07-2016,47.70,48.85,47.70,48.05,46.46,"10,313","Jul 14, 2016"
13-07-2016,48.50,48.80,48.20,48.30,46.70,"3,247","Jul 13, 2016"
12-07-2016,48.60,49.70,48.10,48.70,47.09,"9,714","Jul 12, 2016"
11-07-2016,49.60,49.75,47.00,48.25,46.65,"5,943","Jul 11, 2016"
08-07-2016,49.85,49.85,47.90,48.20,46.61,"5,156","Jul 08, 2016"
07-07-2016,49.95,49.95,48.85,49.10,47.48,"6,578","Jul 07, 2016"
05-07-2016,49.50,49.80,48.55,48.75,47.14,"7,371","Jul 05, 2016"
04-07-2016,49.00,50.50,48.65,49.60,47.96,"15,357","Jul 04, 2016"
01-07-2016,49.60,49.60,48.25,49.05,47.43,"5,871","Jul 01, 2016"
30-06-2016,50.05,50.40,48.75,49.20,47.57,"9,882","Jun 30, 2016"
29-06-2016,50.95,51.50,49.55,50.00,48.35,"11,125","Jun 29, 2016"
28-06-2016,49.00,53.95,49.00,50.65,48.97,"137,696","Jun 28, 2016"
27-06-2016,47.00,49.50,47.00,48.95,47.33,"3,951","Jun 27, 2016"
24-06-2016,48.00,48.00,46.05,47.85,46.27,"16,086","Jun 24, 2016"
23-06-2016,50.05,51.80,49.00,49.15,47.52,"11,040","Jun 23, 2016"
22-06-2016,49.80,52.00,49.10,50.55,48.88,"31,670","Jun 22, 2016"
21-06-2016,47.65,48.90,47.15,48.25,46.65,"3,968","Jun 21, 2016"
20-06-2016,49.45,49.45,47.10,47.45,45.88,"6,619","Jun 20, 2016"
17-06-2016,50.00,50.00,48.50,48.80,47.19,"4,275","Jun 17, 2016"
16-06-2016,46.00,49.75,46.00,48.80,47.19,"15,154","Jun 16, 2016"
15-06-2016,45.70,47.40,44.65,46.20,44.67,"11,226","Jun 15, 2016"
14-06-2016,45.40,46.65,45.40,46.00,44.48,"1,083","Jun 14, 2016"
13-06-2016,46.00,46.00,44.60,45.15,43.66,"1,476","Jun 13, 2016"
10-06-2016,46.25,47.00,45.50,45.50,43.99,"2,037","Jun 10, 2016"
09-06-2016,47.85,47.85,45.40,45.65,44.14,"1,105","Jun 09, 2016"
08-06-2016,45.50,45.95,45.00,45.20,43.70,"1,136","Jun 08, 2016"
07-06-2016,44.70,45.90,44.30,45.00,43.51,"1,293","Jun 07, 2016"
06-06-2016,44.10,45.60,43.90,45.00,43.51,"4,192","Jun 06, 2016"
03-06-2016,45.55,46.60,44.50,44.80,43.32,"5,202","Jun 03, 2016"
02-06-2016,48.15,48.15,45.10,46.10,44.57,"4,557","Jun 02, 2016"
01-06-2016,47.85,47.90,46.00,46.00,44.48,"4,779","Jun 01, 2016"
31-05-2016,47.95,47.95,46.00,46.00,44.48,"3,948","May 31, 2016"
30-05-2016,46.45,47.75,46.20,46.35,44.82,"4,192","May 30, 2016"
27-05-2016,46.00,48.10,45.65,46.90,45.35,"10,540","May 27, 2016"
26-05-2016,45.50,46.50,45.50,45.70,44.19,"3,692","May 26, 2016"
25-05-2016,46.30,47.40,45.05,45.25,43.75,"9,048","May 25, 2016"
24-05-2016,47.85,49.35,46.10,46.50,44.96,"8,436","May 24, 2016"
23-05-2016,48.00,48.00,47.75,47.75,46.17,"2,788","May 23, 2016"
20-05-2016,48.50,48.60,48.00,48.00,46.41,"8,297","May 20, 2016"
19-05-2016,48.05,49.45,48.00,48.10,46.51,"4,026","May 19, 2016"
18-05-2016,48.00,49.20,48.00,48.40,46.80,"7,501","May 18, 2016"
17-05-2016,48.00,49.00,48.00,48.30,46.70,"3,327","May 17, 2016"
16-05-2016,48.00,48.75,47.50,48.00,46.41,"4,865","May 16, 2016"
13-05-2016,49.50,49.65,48.00,48.25,46.65,"5,448","May 13, 2016"
12-05-2016,50.90,50.90,48.00,49.30,47.67,"41,249","May 12, 2016"
11-05-2016,53.80,54.40,52.15,52.45,50.71,"8,090","May 11, 2016"
10-05-2016,54.75,54.75,53.50,53.80,52.02,"2,456","May 10, 2016"
09-05-2016,53.90,55.40,52.25,54.75,52.94,"15,820","May 09, 2016"
06-05-2016,54.50,54.50,52.50,53.00,51.25,"2,500","May 06, 2016"
05-05-2016,51.20,53.30,50.90,52.50,50.76,"6,021","May 05, 2016"
04-05-2016,52.40,52.65,51.20,51.20,49.51,"5,839","May 04, 2016"
03-05-2016,53.85,54.85,52.30,52.90,51.15,"5,717","May 03, 2016"
02-05-2016,52.00,52.75,51.50,52.30,50.57,"3,637","May 02, 2016"
29-04-2016,53.85,53.85,51.90,52.35,50.62,"14,722","Apr 29, 2016"
28-04-2016,53.50,53.90,52.30,53.55,51.78,"5,201","Apr 28, 2016"
27-04-2016,53.40,54.25,52.65,53.20,51.44,"15,880","Apr 27, 2016"
26-04-2016,52.50,54.00,51.85,53.45,51.68,"5,957","Apr 26, 2016"
25-04-2016,53.75,54.00,52.15,52.75,51.00,"9,286","Apr 25, 2016"
22-04-2016,55.00,55.00,54.20,54.30,52.50,"3,022","Apr 22, 2016"
21-04-2016,55.35,57.35,55.20,55.60,53.76,"28,313","Apr 21, 2016"
20-04-2016,54.00,56.50,54.00,55.40,53.57,"27,270","Apr 20, 2016"
18-04-2016,54.60,55.35,53.40,53.60,51.83,"6,572","Apr 18, 2016"
13-04-2016,55.00,57.00,54.45,55.10,53.28,"29,152","Apr 13, 2016"
12-04-2016,53.25,55.00,53.25,54.30,52.50,"18,676","Apr 12, 2016"
11-04-2016,52.90,56.25,52.90,53.05,51.29,"59,729","Apr 11, 2016"
08-04-2016,50.70,52.80,50.15,51.15,49.46,"9,760","Apr 08, 2016"
07-04-2016,50.95,52.70,50.00,50.75,49.07,"10,871","Apr 07, 2016"
06-04-2016,50.70,51.40,50.20,50.55,48.88,"7,796","Apr 06, 2016"
05-04-2016,52.95,53.50,51.05,51.10,49.41,"7,691","Apr 05, 2016"
04-04-2016,50.45,52.80,50.45,52.05,50.33,"4,336","Apr 04, 2016"
01-04-2016,48.65,52.45,48.65,50.50,48.83,"8,324","Apr 01, 2016"
31-03-2016,48.25,49.45,48.25,48.70,47.09,"2,845","Mar 31, 2016"
30-03-2016,48.00,49.40,48.00,48.60,46.99,"10,111","Mar 30, 2016"
29-03-2016,49.95,49.95,46.25,46.80,45.25,"10,235","Mar 29, 2016"
28-03-2016,48.70,51.85,47.05,47.35,45.78,"8,381","Mar 28, 2016"
23-03-2016,49.90,50.45,48.50,48.75,47.14,"9,116","Mar 23, 2016"
22-03-2016,50.70,50.70,49.75,50.20,48.54,"3,991","Mar 22, 2016"
21-03-2016,48.50,51.00,48.25,50.95,49.26,"19,890","Mar 21, 2016"
18-03-2016,50.00,50.95,49.00,49.50,47.86,"6,101","Mar 18, 2016"
17-03-2016,52.40,52.40,49.50,49.85,48.20,"16,108","Mar 17, 2016"
16-03-2016,48.15,54.00,47.80,51.45,49.75,"131,330","Mar 16, 2016"
15-03-2016,50.00,52.25,48.15,48.20,46.61,"5,554","Mar 15, 2016"
14-03-2016,49.75,50.95,48.10,49.05,47.43,"6,472","Mar 14, 2016"
11-03-2016,49.15,49.55,48.55,48.55,46.94,"1,303","Mar 11, 2016"
10-03-2016,49.00,50.60,47.90,49.20,47.57,"2,426","Mar 10, 2016"
09-03-2016,48.45,50.80,45.85,49.70,48.06,"23,971","Mar 09, 2016"
08-03-2016,47.00,48.45,45.15,46.80,45.25,"15,948","Mar 08, 2016"
04-03-2016,46.95,47.70,46.00,46.90,45.35,"3,351","Mar 04, 2016"
03-03-2016,48.75,48.75,45.55,46.95,45.40,"6,081","Mar 03, 2016"
02-03-2016,46.55,49.00,45.70,46.80,45.25,"12,153","Mar 02, 2016"
01-03-2016,46.90,47.50,45.05,47.00,45.44,"8,054","Mar 01, 2016"
29-02-2016,45.00,45.80,42.40,45.05,43.56,"10,660","Feb 29, 2016"
26-02-2016,47.45,48.00,45.00,45.00,43.51,"8,447","Feb 26, 2016"
25-02-2016,43.80,45.80,43.80,45.05,43.56,"2,310","Feb 25, 2016"
24-02-2016,43.50,45.75,43.50,45.05,43.56,"20,740","Feb 24, 2016"
23-02-2016,42.65,44.60,41.50,43.40,41.96,"3,686","Feb 23, 2016"
22-02-2016,43.00,44.85,42.20,43.00,41.58,"6,700","Feb 22, 2016"
19-02-2016,42.00,44.40,42.00,43.50,42.06,"1,388","Feb 19, 2016"
18-02-2016,41.80,42.90,41.35,42.45,41.05,"8,188","Feb 18, 2016"
17-02-2016,41.15,41.20,39.60,41.10,39.74,"2,992","Feb 17, 2016"
16-02-2016,44.00,44.00,41.90,42.35,40.95,"4,724","Feb 16, 2016"
15-02-2016,40.95,45.00,40.95,44.45,42.98,"4,128","Feb 15, 2016"
12-02-2016,41.20,41.20,38.65,40.70,39.35,"10,219","Feb 12, 2016"
11-02-2016,44.00,44.00,40.60,41.50,40.13,"8,515","Feb 11, 2016"
10-02-2016,44.00,47.65,43.25,44.10,42.64,"8,562","Feb 10, 2016"
09-02-2016,45.50,45.50,42.40,43.65,42.21,"14,438","Feb 09, 2016"
08-02-2016,47.50,47.50,45.05,45.25,43.75,"12,910","Feb 08, 2016"
05-02-2016,47.90,47.90,46.50,47.40,45.83,"4,501","Feb 05, 2016"
04-02-2016,47.55,48.65,45.50,46.35,44.82,"12,757","Feb 04, 2016"
03-02-2016,49.30,49.55,46.65,47.75,46.17,"16,542","Feb 03, 2016"
02-02-2016,50.25,50.85,49.15,49.30,47.67,"4,081","Feb 02, 2016"
01-02-2016,50.05,50.75,49.90,50.45,48.78,"9,476","Feb 01, 2016"
29-01-2016,49.10,50.50,49.00,49.60,47.96,"7,145","Jan 29, 2016"
28-01-2016,49.30,49.30,48.10,49.20,47.57,"6,544","Jan 28, 2016"
27-01-2016,47.95,50.50,47.15,48.90,47.28,"19,331","Jan 27, 2016"
25-01-2016,48.10,51.65,45.10,47.05,45.49,"45,362","Jan 25, 2016"
22-01-2016,43.15,46.90,43.15,45.65,44.14,"8,054","Jan 22, 2016"
21-01-2016,43.50,43.55,42.25,43.15,41.72,"8,228","Jan 21, 2016"
20-01-2016,45.50,45.55,41.50,42.45,41.05,"27,045","Jan 20, 2016"
19-01-2016,48.70,48.70,43.20,46.50,44.96,"41,943","Jan 19, 2016"
18-01-2016,50.00,50.00,46.00,46.40,44.86,"13,286","Jan 18, 2016"
15-01-2016,50.25,51.00,48.85,48.90,47.28,"11,640","Jan 15, 2016"
14-01-2016,49.50,51.45,49.45,50.30,48.64,"29,591","Jan 14, 2016"
13-01-2016,52.25,52.80,48.00,50.75,49.07,"31,057","Jan 13, 2016"
12-01-2016,53.90,53.90,51.20,51.90,50.18,"29,881","Jan 12, 2016"
11-01-2016,52.40,53.60,52.15,52.95,51.20,"6,998","Jan 11, 2016"
08-01-2016,54.00,54.30,52.65,52.90,51.15,"14,620","Jan 08, 2016"
07-01-2016,54.95,55.00,52.80,53.20,51.44,"16,618","Jan 07, 2016"
06-01-2016,56.80,56.80,55.00,55.20,53.37,"15,875","Jan 06, 2016"
05-01-2016,56.90,56.90,54.90,55.15,53.33,"34,079","Jan 05, 2016"
04-01-2016,55.60,56.35,55.20,56.00,54.15,"23,670","Jan 04, 2016"
01-01-2016,55.45,57.05,54.70,56.60,54.73,"38,584","Jan 01, 2016"
31-12-2015,54.95,56.55,54.15,55.10,53.28,"20,660","Dec 31, 2015"
30-12-2015,54.15,55.45,53.80,54.50,52.70,"37,200","Dec 30, 2015"
29-12-2015,55.35,56.00,53.65,55.20,53.37,"38,079","Dec 29, 2015"
28-12-2015,56.50,56.50,54.20,54.95,53.13,"24,492","Dec 28, 2015"
24-12-2015,55.30,56.00,54.50,55.20,53.37,"18,821","Dec 24, 2015"
23-12-2015,55.10,57.00,55.10,55.40,53.57,"22,896","Dec 23, 2015"
22-12-2015,55.05,56.50,54.50,54.95,53.13,"19,624","Dec 22, 2015"
21-12-2015,54.00,56.75,51.85,54.50,52.70,"36,947","Dec 21, 2015"
18-12-2015,54.95,55.60,54.00,54.30,52.50,"9,543","Dec 18, 2015"
17-12-2015,54.65,55.80,53.80,54.50,52.70,"16,092","Dec 17, 2015"
16-12-2015,54.05,55.00,53.75,54.35,52.55,"26,912","Dec 16, 2015"
15-12-2015,53.25,53.90,52.60,53.30,51.54,"8,992","Dec 15, 2015"
14-12-2015,52.70,54.95,52.05,53.05,51.29,"12,089","Dec 14, 2015"
11-12-2015,53.35,53.70,52.20,52.75,51.00,"17,161","Dec 11, 2015"
10-12-2015,52.25,53.85,51.50,52.60,50.86,"17,623","Dec 10, 2015"
09-12-2015,53.05,55.20,52.10,52.50,50.76,"31,275","Dec 09, 2015"
08-12-2015,55.00,55.80,53.55,53.70,51.92,"18,251","Dec 08, 2015"
07-12-2015,56.60,57.00,54.50,55.10,53.28,"19,107","Dec 07, 2015"
04-12-2015,55.50,57.95,55.50,56.60,54.73,"35,647","Dec 04, 2015"
03-12-2015,55.10,60.00,54.40,58.60,56.66,"117,219","Dec 03, 2015"
02-12-2015,55.65,57.00,54.15,55.45,53.62,"32,342","Dec 02, 2015"
01-12-2015,56.15,58.30,55.50,55.85,54.00,"33,604","Dec 01, 2015"
30-11-2015,57.00,58.00,56.15,56.55,54.68,"86,881","Nov 30, 2015"
27-11-2015,56.95,59.40,53.65,55.85,54.00,"162,589","Nov 27, 2015"
26-11-2015,50.75,59.30,50.75,57.10,55.21,"273,286","Nov 26, 2015"
24-11-2015,49.10,51.40,49.10,51.00,49.31,"19,078","Nov 24, 2015"
23-11-2015,49.60,50.85,49.45,49.85,48.20,"12,936","Nov 23, 2015"
20-11-2015,51.25,51.35,49.00,49.35,47.72,"11,433","Nov 20, 2015"
19-11-2015,49.05,51.45,49.05,50.60,48.93,"11,718","Nov 19, 2015"
18-11-2015,48.65,50.20,48.65,48.90,47.28,"10,960","Nov 18, 2015"
17-11-2015,48.95,50.05,48.40,48.85,47.23,"9,774","Nov 17, 2015"
16-11-2015,48.15,48.90,47.70,48.50,46.90,"7,628","Nov 16, 2015"
13-11-2015,47.50,49.40,47.10,47.85,46.27,"18,238","Nov 13, 2015"
10-11-2015,49.20,49.80,47.50,48.20,46.61,"14,662","Nov 10, 2015"
09-11-2015,49.40,50.35,48.05,49.30,47.67,"12,174","Nov 09, 2015"
06-11-2015,48.55,51.35,48.15,49.70,48.06,"30,480","Nov 06, 2015"
05-11-2015,50.05,50.05,48.25,48.45,46.85,"10,027","Nov 05, 2015"
04-11-2015,49.55,51.70,48.30,49.00,47.38,"22,478","Nov 04, 2015"
03-11-2015,50.90,52.00,49.25,49.90,48.25,"20,283","Nov 03, 2015"
02-11-2015,51.00,51.50,48.45,49.20,47.57,"44,597","Nov 02, 2015"
30-10-2015,53.45,53.45,50.10,51.15,49.46,"17,037","Oct 30, 2015"
29-10-2015,54.40,54.50,51.85,52.10,50.38,"13,811","Oct 29, 2015"
28-10-2015,53.25,54.05,53.10,53.25,51.49,"13,768","Oct 28, 2015"
27-10-2015,53.15,54.60,52.30,53.15,51.39,"11,034","Oct 27, 2015"
26-10-2015,56.00,56.00,52.75,53.10,51.34,"11,854","Oct 26, 2015"
23-10-2015,57.05,57.05,53.60,54.60,52.79,"50,943","Oct 23, 2015"
21-10-2015,54.80,56.85,54.55,54.95,53.13,"45,390","Oct 21, 2015"
20-10-2015,55.55,56.90,53.55,54.25,52.45,"37,362","Oct 20, 2015"
19-10-2015,55.55,58.50,55.30,55.55,53.71,"16,857","Oct 19, 2015"
16-10-2015,58.45,59.40,57.00,57.05,55.16,"37,554","Oct 16, 2015"
15-10-2015,53.75,59.95,53.70,57.80,55.89,"189,569","Oct 15, 2015"
14-10-2015,53.20,54.50,53.15,53.95,52.16,"8,959","Oct 14, 2015"
13-10-2015,53.95,54.15,53.00,53.35,51.58,"12,024","Oct 13, 2015"
12-10-2015,54.35,54.90,53.00,54.00,52.21,"15,460","Oct 12, 2015"
09-10-2015,56.05,56.10,53.20,54.30,52.50,"16,062","Oct 09, 2015"
08-10-2015,54.45,56.50,53.55,55.05,53.23,"17,623","Oct 08, 2015"
07-10-2015,53.95,55.30,52.25,54.15,52.36,"28,758","Oct 07, 2015"
06-10-2015,52.50,53.40,52.05,52.50,50.76,"12,080","Oct 06, 2015"
05-10-2015,52.00,53.25,51.50,51.90,50.18,"7,919","Oct 05, 2015"
01-10-2015,51.65,52.25,50.80,51.05,49.36,"6,139","Oct 01, 2015"
30-09-2015,51.05,53.30,51.05,51.30,49.60,"10,405","Sep 30, 2015"
29-09-2015,49.95,51.90,49.00,51.25,49.55,"6,701","Sep 29, 2015"
28-09-2015,51.65,53.85,48.65,50.35,48.68,"12,388","Sep 28, 2015"
24-09-2015,52.60,53.05,52.00,52.25,50.52,"6,566","Sep 24, 2015"
23-09-2015,52.10,54.05,52.10,52.95,51.20,"12,864","Sep 23, 2015"
22-09-2015,55.05,56.45,51.10,52.60,50.86,"15,628","Sep 22, 2015"
21-09-2015,51.00,60.50,50.05,55.45,53.62,"38,521","Sep 21, 2015"
18-09-2015,51.90,51.90,50.30,51.30,49.60,"6,333","Sep 18, 2015"
16-09-2015,52.10,52.10,50.00,50.35,48.68,"10,548","Sep 16, 2015"
15-09-2015,50.50,53.40,50.30,51.75,50.04,"10,122","Sep 15, 2015"
14-09-2015,50.40,52.90,50.05,50.85,49.17,"10,135","Sep 14, 2015"
11-09-2015,50.10,52.05,50.05,50.45,48.78,"10,331","Sep 11, 2015"
10-09-2015,48.55,50.45,47.15,49.65,48.01,"26,140","Sep 10, 2015"
09-09-2015,50.50,50.50,48.50,48.80,47.19,"16,476","Sep 09, 2015"
08-09-2015,51.20,51.30,47.20,48.25,46.65,"10,393","Sep 08, 2015"
07-09-2015,49.00,49.80,46.80,48.50,46.90,"9,853","Sep 07, 2015"
04-09-2015,51.10,51.95,48.10,49.80,48.15,"13,295","Sep 04, 2015"
03-09-2015,50.60,52.00,50.55,51.50,49.80,"12,111","Sep 03, 2015"
02-09-2015,51.05,52.40,50.00,50.65,48.97,"11,169","Sep 02, 2015"
02-09-2015,1 Dividend,,,,,,"Sep 02, 2015"
01-09-2015,52.15,53.45,50.40,51.60,48.93,"13,206","Sep 01, 2015"
31-08-2015,53.15,54.75,52.05,52.90,50.16,"6,371","Aug 31, 2015"
28-08-2015,53.15,57.50,52.40,53.35,50.59,"22,347","Aug 28, 2015"
27-08-2015,52.55,55.00,52.55,53.55,50.77,"10,192","Aug 27, 2015"
26-08-2015,51.00,53.35,50.55,51.60,48.93,"13,937","Aug 26, 2015"
25-08-2015,51.30,53.00,46.20,52.30,49.59,"27,186","Aug 25, 2015"
24-08-2015,58.00,60.00,50.10,51.90,49.21,"66,452","Aug 24, 2015"
21-08-2015,59.20,60.00,58.20,59.10,56.04,"20,666","Aug 21, 2015"
20-08-2015,59.35,62.50,58.60,60.05,56.94,"40,928","Aug 20, 2015"
19-08-2015,62.00,63.30,59.50,59.75,56.65,"27,186","Aug 19, 2015"
18-08-2015,58.15,62.90,58.15,61.95,58.74,"80,243","Aug 18, 2015"
17-08-2015,59.45,60.50,57.65,58.20,55.18,"9,342","Aug 17, 2015"
14-08-2015,58.10,61.50,57.55,59.90,56.80,"47,136","Aug 14, 2015"
13-08-2015,60.90,61.65,58.00,58.75,55.71,"50,573","Aug 13, 2015"
12-08-2015,62.90,64.45,58.20,59.85,56.75,"112,786","Aug 12, 2015"
11-08-2015,63.95,64.90,60.05,61.70,58.50,"71,077","Aug 11, 2015"
10-08-2015,63.10,67.90,63.10,64.30,60.97,"127,156","Aug 10, 2015"
07-08-2015,64.45,66.95,63.50,64.05,60.73,"147,469","Aug 07, 2015"
06-08-2015,60.95,67.40,59.50,64.05,60.73,"549,518","Aug 06, 2015"
05-08-2015,56.05,60.65,55.55,59.35,56.27,"148,135","Aug 05, 2015"
04-08-2015,56.05,57.90,54.90,55.30,52.43,"13,726","Aug 04, 2015"
03-08-2015,56.75,57.50,55.20,56.60,53.67,"28,873","Aug 03, 2015"
31-07-2015,55.30,58.00,55.30,55.90,53.00,"30,593","Jul 31, 2015"
30-07-2015,55.05,56.00,54.45,55.05,52.20,"5,833","Jul 30, 2015"
29-07-2015,55.05,56.35,54.50,55.00,52.15,"12,953","Jul 29, 2015"
28-07-2015,53.95,57.50,53.95,55.60,52.72,"36,042","Jul 28, 2015"
27-07-2015,55.00,56.00,52.50,54.00,51.20,"16,673","Jul 27, 2015"
24-07-2015,54.35,56.00,54.35,55.40,52.53,"18,624","Jul 24, 2015"
23-07-2015,54.05,56.15,54.05,54.55,51.72,"22,180","Jul 23, 2015"
22-07-2015,53.05,56.40,53.05,54.70,51.87,"32,664","Jul 22, 2015"
21-07-2015,54.70,55.80,52.70,53.40,50.63,"18,887","Jul 21, 2015"
20-07-2015,55.90,55.90,54.15,54.50,51.68,"23,366","Jul 20, 2015"
17-07-2015,57.00,57.55,55.20,55.50,52.62,"25,171","Jul 17, 2015"
16-07-2015,58.20,61.00,56.00,56.60,53.67,"337,638","Jul 16, 2015"
15-07-2015,58.95,62.40,58.05,60.60,57.46,"162,594","Jul 15, 2015"
14-07-2015,59.95,60.90,57.10,58.30,55.28,"28,139","Jul 14, 2015"
13-07-2015,56.00,60.50,56.00,59.45,56.37,"58,801","Jul 13, 2015"
10-07-2015,58.40,59.40,55.65,56.45,53.52,"22,746","Jul 10, 2015"
09-07-2015,58.00,61.80,58.00,58.10,55.09,"48,767","Jul 09, 2015"
08-07-2015,56.00,59.85,54.55,59.30,56.23,"126,608","Jul 08, 2015"
07-07-2015,51.65,61.05,51.65,56.30,53.38,"145,274","Jul 07, 2015"
06-07-2015,50.75,52.85,49.00,52.10,49.40,"32,881","Jul 06, 2015"
03-07-2015,50.55,52.50,50.50,51.25,48.59,"19,708","Jul 03, 2015"
02-07-2015,51.05,51.85,50.50,51.00,48.36,"11,495","Jul 02, 2015"
01-07-2015,50.55,53.50,49.50,51.40,48.74,"28,663","Jul 01, 2015"
30-06-2015,48.15,50.05,48.10,49.80,47.22,"12,437","Jun 30, 2015"
29-06-2015,49.00,49.90,48.00,48.35,45.84,"3,248","Jun 29, 2015"
26-06-2015,50.00,50.40,48.55,49.00,46.46,"8,152","Jun 26, 2015"
25-06-2015,50.55,50.90,48.60,50.50,47.88,"10,655","Jun 25, 2015"
24-06-2015,49.55,51.30,49.55,50.80,48.17,"14,036","Jun 24, 2015"
23-06-2015,49.00,50.65,48.15,49.70,47.12,"13,061","Jun 23, 2015"
22-06-2015,51.75,53.40,48.20,49.55,46.98,"62,116","Jun 22, 2015"
19-06-2015,52.05,53.75,51.15,51.65,48.97,"11,308","Jun 19, 2015"
18-06-2015,52.00,53.50,51.50,52.65,49.92,"16,220","Jun 18, 2015"
17-06-2015,52.45,53.20,52.25,52.50,49.78,"14,658","Jun 17, 2015"
16-06-2015,53.35,53.70,50.25,52.20,49.49,"40,174","Jun 16, 2015"
15-06-2015,47.80,53.85,47.80,51.60,48.93,"96,363","Jun 15, 2015"
12-06-2015,46.50,48.85,45.50,47.00,44.56,"3,515","Jun 12, 2015"
11-06-2015,47.00,48.00,46.20,46.65,44.23,"4,375","Jun 11, 2015"
10-06-2015,46.50,50.00,46.05,47.40,44.94,"3,903","Jun 10, 2015"
09-06-2015,47.00,48.00,45.60,47.20,44.75,"26,893","Jun 09, 2015"
08-06-2015,48.00,48.85,47.00,47.45,44.99,"8,814","Jun 08, 2015"
05-06-2015,53.00,53.00,48.00,48.35,45.84,"9,428","Jun 05, 2015"
04-06-2015,49.35,49.35,46.80,48.30,45.80,"5,319","Jun 04, 2015"
03-06-2015,49.95,52.40,45.15,47.85,45.37,"51,445","Jun 03, 2015"
02-06-2015,54.90,54.90,49.30,50.10,47.50,"30,987","Jun 02, 2015"
01-06-2015,51.00,54.60,50.60,53.05,50.30,"46,404","Jun 01, 2015"
29-05-2015,47.05,51.50,47.05,50.70,48.07,"31,208","May 29, 2015"
28-05-2015,48.00,49.00,46.50,47.50,45.04,"13,072","May 28, 2015"
27-05-2015,50.70,50.70,48.00,48.50,45.99,"12,166","May 27, 2015"
26-05-2015,50.20,51.50,49.10,49.85,47.27,"11,980","May 26, 2015"
25-05-2015,48.30,51.30,48.30,50.60,47.98,"70,537","May 25, 2015"
22-05-2015,49.45,49.90,48.55,48.60,46.08,"6,853","May 22, 2015"
21-05-2015,48.85,49.65,48.15,48.35,45.84,"4,129","May 21, 2015"
20-05-2015,48.50,50.30,48.50,49.00,46.46,"13,563","May 20, 2015"
19-05-2015,48.05,50.65,48.05,49.45,46.89,"17,120","May 19, 2015"
18-05-2015,48.95,50.85,48.10,49.00,46.46,"19,251","May 18, 2015"
15-05-2015,49.85,50.75,48.50,48.75,46.22,"20,757","May 15, 2015"
14-05-2015,53.00,54.00,49.30,49.70,47.12,"74,043","May 14, 2015"
13-05-2015,53.45,54.95,53.40,54.80,51.96,"14,879","May 13, 2015"
12-05-2015,55.95,55.95,52.40,53.35,50.59,"24,252","May 12, 2015"
11-05-2015,53.25,55.90,53.25,54.90,52.05,"19,830","May 11, 2015"
08-05-2015,54.00,54.85,52.00,53.70,50.92,"17,869","May 08, 2015"
07-05-2015,53.00,54.90,52.10,52.50,49.78,"22,444","May 07, 2015"
06-05-2015,56.00,56.00,52.55,53.00,50.25,"20,338","May 06, 2015"
05-05-2015,57.00,59.90,55.20,55.50,52.62,"46,555","May 05, 2015"
04-05-2015,54.50,58.30,54.50,57.20,54.24,"49,595","May 04, 2015"
30-04-2015,52.70,53.90,52.10,53.25,50.49,"6,171","Apr 30, 2015"
29-04-2015,53.15,54.00,52.25,52.50,49.78,"10,294","Apr 29, 2015"
28-04-2015,53.70,55.40,52.10,53.45,50.68,"18,837","Apr 28, 2015"
27-04-2015,56.00,56.00,52.50,53.05,50.30,"32,319","Apr 27, 2015"
24-04-2015,58.50,59.50,54.60,55.65,52.77,"27,558","Apr 24, 2015"
23-04-2015,57.00,58.90,57.00,57.65,54.66,"16,953","Apr 23, 2015"
22-04-2015,59.85,59.85,55.05,56.60,53.67,"35,522","Apr 22, 2015"
21-04-2015,58.00,60.10,56.45,57.05,54.09,"32,918","Apr 21, 2015"
20-04-2015,59.55,61.40,58.20,58.95,55.89,"45,441","Apr 20, 2015"
17-04-2015,58.95,61.45,57.75,59.00,55.94,"91,651","Apr 17, 2015"
16-04-2015,57.05,59.05,55.10,58.10,55.09,"44,309","Apr 16, 2015"
15-04-2015,58.90,61.90,56.70,57.75,54.76,"155,894","Apr 15, 2015"
13-04-2015,51.00,60.00,50.50,57.40,54.43,"200,012","Apr 13, 2015"
10-04-2015,51.90,53.00,51.00,51.80,49.12,"29,196","Apr 10, 2015"
09-04-2015,51.30,53.75,51.30,51.70,49.02,"55,109","Apr 09, 2015"
08-04-2015,52.70,54.00,50.90,51.50,48.83,"49,125","Apr 08, 2015"
07-04-2015,48.10,53.60,48.05,52.30,49.59,"178,095","Apr 07, 2015"
06-04-2015,46.00,49.00,46.00,47.90,45.42,"51,780","Apr 06, 2015"
01-04-2015,43.30,46.65,43.00,46.10,43.71,"45,568","Apr 01, 2015"
31-03-2015,44.00,44.20,43.00,43.00,40.77,966,"Mar 31, 2015"
30-03-2015,43.00,44.10,42.75,43.90,41.62,"9,479","Mar 30, 2015"
27-03-2015,44.90,44.90,41.55,42.70,40.49,"10,252","Mar 27, 2015"
26-03-2015,42.00,44.00,41.15,43.05,40.82,"14,163","Mar 26, 2015"
25-03-2015,42.50,43.50,42.40,42.55,40.34,"14,227","Mar 25, 2015"
24-03-2015,43.50,44.00,41.75,42.80,40.58,"9,731","Mar 24, 2015"
23-03-2015,45.50,47.50,43.45,43.95,41.67,"36,071","Mar 23, 2015"
20-03-2015,41.50,46.00,41.20,44.95,42.62,"42,243","Mar 20, 2015"
19-03-2015,43.00,43.90,41.65,42.40,40.20,"10,971","Mar 19, 2015"
18-03-2015,43.00,43.50,42.50,42.85,40.63,"4,347","Mar 18, 2015"
17-03-2015,43.80,44.00,42.80,42.90,40.68,"4,203","Mar 17, 2015"
16-03-2015,43.00,45.00,42.50,43.80,41.53,"47,800","Mar 16, 2015"
13-03-2015,44.50,47.50,43.10,43.50,41.25,"48,459","Mar 13, 2015"
12-03-2015,40.50,46.00,40.50,44.25,41.96,"56,244","Mar 12, 2015"
11-03-2015,40.55,41.70,40.45,40.70,38.59,"6,706","Mar 11, 2015"
10-03-2015,41.50,42.60,40.65,40.90,38.78,"7,046","Mar 10, 2015"
09-03-2015,42.00,42.00,40.55,41.40,39.25,"5,749","Mar 09, 2015"
05-03-2015,42.80,42.80,41.20,41.65,39.49,"11,569","Mar 05, 2015"
04-03-2015,42.55,44.00,41.50,41.70,39.54,"24,157","Mar 04, 2015"
03-03-2015,42.20,43.75,40.15,42.55,40.34,"19,447","Mar 03, 2015"
02-03-2015,43.35,43.40,41.50,42.20,40.01,"27,722","Mar 02, 2015"
28-02-2015,-,-,-,-,-,-,"Feb 28, 2015"
27-02-2015,40.95,43.90,40.95,42.80,40.58,"25,120","Feb 27, 2015"
26-02-2015,40.40,41.70,40.40,40.95,38.83,"8,922","Feb 26, 2015"
25-02-2015,41.05,42.50,40.60,40.85,38.73,"6,549","Feb 25, 2015"
24-02-2015,42.60,42.60,41.10,41.20,39.06,"16,534","Feb 24, 2015"
23-02-2015,42.45,43.25,41.85,42.10,39.92,"15,547","Feb 23, 2015"
20-02-2015,41.25,43.95,41.25,42.10,39.92,"51,672","Feb 20, 2015"
19-02-2015,42.90,42.90,41.15,41.65,39.49,"17,088","Feb 19, 2015"
18-02-2015,43.90,43.95,42.00,42.35,40.16,"17,340","Feb 18, 2015"
16-02-2015,42.50,43.30,42.10,42.65,40.44,"9,008","Feb 16, 2015"
13-02-2015,43.00,43.50,41.90,42.80,40.58,"40,652","Feb 13, 2015"
12-02-2015,43.00,43.90,42.85,43.25,41.01,"6,927","Feb 12, 2015"
11-02-2015,43.05,43.85,42.10,43.35,41.10,"8,296","Feb 11, 2015"
10-02-2015,44.00,45.60,41.70,42.35,40.16,"19,000","Feb 10, 2015"
09-02-2015,43.00,44.75,42.55,43.95,41.67,"8,546","Feb 09, 2015"
06-02-2015,43.90,43.90,42.25,42.85,40.63,"12,044","Feb 06, 2015"
05-02-2015,45.05,45.05,43.00,43.65,41.39,"7,513","Feb 05, 2015"
04-02-2015,45.00,46.50,44.10,44.35,42.05,"8,664","Feb 04, 2015"
03-02-2015,45.95,46.50,44.20,44.70,42.38,"9,988","Feb 03, 2015"
02-02-2015,45.25,47.85,44.55,45.60,43.24,"10,700","Feb 02, 2015"
30-01-2015,45.35,45.55,42.70,44.35,42.05,"16,195","Jan 30, 2015"
29-01-2015,46.80,46.80,43.05,45.45,43.09,"19,827","Jan 29, 2015"
28-01-2015,47.55,47.55,45.10,45.50,43.14,"25,995","Jan 28, 2015"
27-01-2015,49.45,49.80,47.50,47.75,45.28,"11,276","Jan 27, 2015"
23-01-2015,50.70,51.50,48.20,48.65,46.13,"32,577","Jan 23, 2015"
22-01-2015,50.60,52.00,49.20,49.95,47.36,"160,889","Jan 22, 2015"
21-01-2015,46.80,49.50,46.75,48.05,45.56,"64,027","Jan 21, 2015"
20-01-2015,48.00,48.95,46.00,46.30,43.90,"42,690","Jan 20, 2015"
19-01-2015,44.90,49.80,44.90,47.45,44.99,"66,532","Jan 19, 2015"
16-01-2015,43.55,47.00,41.25,44.50,42.19,"64,081","Jan 16, 2015"
15-01-2015,41.50,43.35,40.60,42.45,40.25,"45,551","Jan 15, 2015"
14-01-2015,41.80,41.95,41.05,41.25,39.11,"7,168","Jan 14, 2015"
13-01-2015,41.95,42.00,40.75,41.15,39.02,"15,683","Jan 13, 2015"
12-01-2015,40.25,41.45,40.25,40.95,38.83,"3,579","Jan 12, 2015"
09-01-2015,42.45,42.45,40.30,40.70,38.59,"9,895","Jan 09, 2015"
08-01-2015,40.45,41.90,39.20,41.45,39.30,"10,108","Jan 08, 2015"
07-01-2015,38.90,40.40,38.30,39.20,37.17,"17,230","Jan 07, 2015"
06-01-2015,40.65,40.95,38.65,39.05,37.03,"14,522","Jan 06, 2015"
05-01-2015,42.85,42.85,40.85,41.10,38.97,"8,663","Jan 05, 2015"
02-01-2015,42.45,43.00,40.25,40.65,38.54,"24,114","Jan 02, 2015"
01-01-2015,42.30,42.35,39.80,41.75,39.59,"8,856","Jan 01, 2015"
31-12-2014,40.80,41.40,38.60,40.95,38.83,"10,399","Dec 31, 2014"
30-12-2014,38.50,41.45,38.30,39.90,37.83,"19,463","Dec 30, 2014"
29-12-2014,40.90,40.90,38.50,39.05,37.03,"7,129","Dec 29, 2014"
26-12-2014,39.00,41.85,36.65,38.95,36.93,"31,676","Dec 26, 2014"
24-12-2014,36.75,37.95,35.35,36.50,34.61,"14,870","Dec 24, 2014"
23-12-2014,37.70,37.75,34.85,35.45,33.61,"28,703","Dec 23, 2014"
22-12-2014,39.95,39.95,36.15,37.00,35.08,"27,136","Dec 22, 2014"
19-12-2014,37.40,38.65,37.20,37.45,35.51,"19,663","Dec 19, 2014"
18-12-2014,37.75,38.75,36.45,37.40,35.46,"12,443","Dec 18, 2014"
17-12-2014,37.20,38.95,35.60,36.70,34.80,"26,894","Dec 17, 2014"
16-12-2014,41.90,41.90,36.65,37.20,35.27,"31,543","Dec 16, 2014"
15-12-2014,40.00,41.85,39.15,39.15,37.12,"13,188","Dec 15, 2014"
12-12-2014,41.55,42.85,40.00,40.45,38.35,"30,338","Dec 12, 2014"
11-12-2014,41.15,42.80,40.80,42.00,39.82,"10,013","Dec 11, 2014"
10-12-2014,42.90,42.90,41.15,41.60,39.44,"14,265","Dec 10, 2014"
09-12-2014,43.10,43.50,40.75,41.15,39.02,"20,937","Dec 09, 2014"
08-12-2014,43.10,44.00,42.55,43.50,41.25,"19,007","Dec 08, 2014"
05-12-2014,44.15,44.15,41.50,43.10,40.87,"20,660","Dec 05, 2014"
04-12-2014,44.10,44.45,41.60,42.25,40.06,"20,382","Dec 04, 2014"
03-12-2014,45.00,45.00,41.85,43.05,40.82,"35,145","Dec 03, 2014"
02-12-2014,42.80,43.50,41.55,42.90,40.68,"13,188","Dec 02, 2014"
01-12-2014,41.00,44.40,40.10,43.15,40.91,"33,590","Dec 01, 2014"
28-11-2014,42.00,43.00,41.00,41.50,39.35,"33,316","Nov 28, 2014"
27-11-2014,43.00,44.00,41.50,42.35,40.16,"22,171","Nov 27, 2014"
26-11-2014,43.00,44.00,42.40,43.40,41.15,"18,960","Nov 26, 2014"
25-11-2014,44.00,44.00,41.50,42.35,40.16,"32,498","Nov 25, 2014"
24-11-2014,45.40,45.40,43.20,44.20,41.91,"51,505","Nov 24, 2014"
21-11-2014,45.90,46.80,44.50,45.40,43.05,"34,318","Nov 21, 2014"
20-11-2014,45.50,46.00,44.50,44.80,42.48,"20,667","Nov 20, 2014"
19-11-2014,47.20,48.60,45.10,45.75,43.38,"96,389","Nov 19, 2014"
18-11-2014,44.10,46.45,44.10,45.90,43.52,"75,723","Nov 18, 2014"
17-11-2014,46.35,46.35,43.80,44.45,42.15,"40,694","Nov 17, 2014"
14-11-2014,45.25,46.45,44.00,45.60,43.24,"36,273","Nov 14, 2014"
13-11-2014,48.00,48.00,44.40,45.55,43.19,"78,435","Nov 13, 2014"
12-11-2014,49.80,49.80,46.55,47.25,44.80,"275,745","Nov 12, 2014"
11-11-2014,55.95,55.95,51.25,52.35,49.64,"144,798","Nov 11, 2014"
10-11-2014,53.15,56.30,52.00,54.55,51.72,"188,668","Nov 10, 2014"
07-11-2014,56.50,58.30,52.50,53.25,50.49,"208,724","Nov 07, 2014"
05-11-2014,51.95,60.60,51.00,57.45,54.47,"418,406","Nov 05, 2014"
03-11-2014,51.50,53.65,51.50,51.95,49.26,"35,396","Nov 03, 2014"
31-10-2014,51.50,53.40,50.25,51.35,48.69,"31,906","Oct 31, 2014"
30-10-2014,51.00,51.70,48.30,50.60,47.98,"13,243","Oct 30, 2014"
29-10-2014,51.90,53.00,50.30,50.50,47.88,"24,337","Oct 29, 2014"
28-10-2014,50.40,53.50,49.95,51.70,49.02,"62,080","Oct 28, 2014"
27-10-2014,50.25,51.90,48.40,49.70,47.12,"16,440","Oct 27, 2014"
22-10-2014,51.60,51.85,49.30,49.70,47.12,"15,928","Oct 22, 2014"
21-10-2014,51.00,52.50,50.25,50.90,48.26,"35,915","Oct 21, 2014"
20-10-2014,51.60,51.90,49.70,50.70,48.07,"42,375","Oct 20, 2014"
17-10-2014,52.00,52.95,50.00,50.20,47.60,"53,318","Oct 17, 2014"
16-10-2014,51.40,54.90,50.00,50.70,48.07,"165,808","Oct 16, 2014"
15-10-2014,51.40,51.40,51.40,51.40,48.74,-,"Oct 15, 2014"
14-10-2014,51.40,54.00,50.50,51.40,48.74,"252,912","Oct 14, 2014"
13-10-2014,44.00,51.00,42.80,50.15,47.55,"188,252","Oct 13, 2014"
10-10-2014,45.25,45.55,42.65,44.40,42.10,"19,830","Oct 10, 2014"
09-10-2014,45.90,47.00,45.25,45.45,43.09,"30,489","Oct 09, 2014"
08-10-2014,45.55,46.90,44.00,45.35,43.00,"39,783","Oct 08, 2014"
07-10-2014,46.95,48.90,44.60,45.75,43.38,"45,357","Oct 07, 2014"
01-10-2014,47.45,48.60,46.10,46.95,44.52,"144,415","Oct 01, 2014"
30-09-2014,43.15,49.80,42.00,47.55,45.09,"353,436","Sep 30, 2014"
29-09-2014,40.45,42.00,38.20,41.70,39.54,"36,788","Sep 29, 2014"
26-09-2014,39.50,41.95,39.50,40.35,38.26,"13,345","Sep 26, 2014"
25-09-2014,41.15,41.95,39.50,39.95,37.88,"20,346","Sep 25, 2014"
24-09-2014,40.50,42.00,40.50,41.20,39.06,"35,801","Sep 24, 2014"
23-09-2014,41.85,43.30,40.00,40.75,38.64,"67,407","Sep 23, 2014"
22-09-2014,39.00,42.00,38.60,41.25,39.11,"50,150","Sep 22, 2014"
19-09-2014,41.90,42.00,38.70,39.25,37.22,"39,436","Sep 19, 2014"
18-09-2014,39.00,41.95,38.30,41.40,39.25,"38,549","Sep 18, 2014"
17-09-2014,40.00,40.10,38.80,39.55,37.50,"17,477","Sep 17, 2014"
16-09-2014,43.65,44.90,38.40,38.85,36.84,"84,166","Sep 16, 2014"
15-09-2014,40.00,46.10,39.85,42.95,40.72,"238,975","Sep 15, 2014"
12-09-2014,40.70,41.30,38.75,39.55,37.50,"51,292","Sep 12, 2014"
11-09-2014,38.40,39.70,38.25,38.50,36.50,"25,248","Sep 11, 2014"
10-09-2014,36.25,40.70,36.10,38.50,36.50,"106,664","Sep 10, 2014"
09-09-2014,35.45,36.00,35.25,35.55,33.71,"8,604","Sep 09, 2014"
08-09-2014,36.50,36.55,35.30,35.85,33.99,"14,629","Sep 08, 2014"
05-09-2014,37.10,37.70,36.30,36.70,34.80,"7,911","Sep 05, 2014"
04-09-2014,37.00,37.90,36.05,37.05,35.13,"4,080","Sep 04, 2014"
03-09-2014,38.00,38.25,36.90,37.25,35.32,"2,970","Sep 03, 2014"
02-09-2014,38.85,38.85,36.30,38.30,36.32,"23,183","Sep 02, 2014"
01-09-2014,36.00,37.20,35.65,36.35,34.47,"18,410","Sep 01, 2014"
28-08-2014,37.05,38.40,35.75,36.45,34.56,"29,476","Aug 28, 2014"
27-08-2014,36.70,38.45,36.70,37.60,35.65,"2,007","Aug 27, 2014"
27-08-2014,1 Dividend,,,,,,"Aug 27, 2014"
26-08-2014,38.95,39.00,37.55,37.95,35.03,"7,774","Aug 26, 2014"
25-08-2014,40.95,40.95,37.90,39.05,36.05,"18,645","Aug 25, 2014"
22-08-2014,39.50,39.90,37.25,38.00,35.08,"32,279","Aug 22, 2014"
21-08-2014,37.00,39.80,37.00,38.20,35.27,"53,119","Aug 21, 2014"
20-08-2014,36.50,37.80,36.50,37.35,34.48,"5,692","Aug 20, 2014"
19-08-2014,37.95,39.00,36.25,37.40,34.53,"34,879","Aug 19, 2014"
18-08-2014,34.95,40.00,31.70,36.60,33.79,"9,598","Aug 18, 2014"
14-08-2014,35.50,39.35,33.80,34.25,31.62,"33,289","Aug 14, 2014"
13-08-2014,38.70,39.00,35.60,35.85,33.10,"12,354","Aug 13, 2014"
12-08-2014,39.05,39.80,38.20,38.50,35.54,"15,189","Aug 12, 2014"
11-08-2014,38.50,40.00,38.15,39.45,36.42,"19,624","Aug 11, 2014"
08-08-2014,39.00,39.75,37.75,37.85,34.94,"47,299","Aug 08, 2014"
07-08-2014,39.00,40.65,38.65,39.65,36.60,"71,031","Aug 07, 2014"
06-08-2014,37.75,38.50,36.10,38.00,35.08,"23,297","Aug 06, 2014"
05-08-2014,36.20,36.50,35.75,36.10,33.33,"20,907","Aug 05, 2014"
04-08-2014,38.00,38.00,35.60,36.00,33.23,"28,993","Aug 04, 2014"
01-08-2014,36.00,37.80,35.30,35.70,32.96,"10,464","Aug 01, 2014"
31-07-2014,38.60,38.60,36.50,36.95,34.11,"3,468","Jul 31, 2014"
30-07-2014,35.50,37.50,35.00,36.95,34.11,"18,033","Jul 30, 2014"
28-07-2014,38.00,38.00,35.50,36.20,33.42,"10,799","Jul 28, 2014"
25-07-2014,39.70,39.70,36.50,38.40,35.45,"14,489","Jul 25, 2014"
24-07-2014,41.45,41.45,39.20,39.65,36.60,"34,305","Jul 24, 2014"
23-07-2014,40.30,41.00,39.50,39.95,36.88,"19,409","Jul 23, 2014"
22-07-2014,42.10,42.70,39.85,40.30,37.20,"23,156","Jul 22, 2014"
21-07-2014,39.00,42.25,39.00,41.70,38.50,"95,766","Jul 21, 2014"
18-07-2014,37.00,39.40,36.00,38.20,35.27,"42,863","Jul 18, 2014"
17-07-2014,37.40,37.40,35.70,37.35,34.48,"22,237","Jul 17, 2014"
16-07-2014,37.00,37.00,34.45,35.90,33.14,"29,443","Jul 16, 2014"
15-07-2014,35.50,36.30,34.90,35.75,33.00,"16,526","Jul 15, 2014"
14-07-2014,35.30,36.00,34.25,34.55,31.90,"17,394","Jul 14, 2014"
11-07-2014,37.50,38.00,33.55,35.00,32.31,"48,141","Jul 11, 2014"
10-07-2014,36.25,38.45,35.00,36.95,34.11,"22,444","Jul 10, 2014"
09-07-2014,38.00,38.80,36.00,36.40,33.60,"57,940","Jul 09, 2014"
08-07-2014,40.25,41.00,38.00,39.30,36.28,"39,085","Jul 08, 2014"
07-07-2014,39.50,42.00,39.05,40.65,37.53,"129,480","Jul 07, 2014"
04-07-2014,40.00,41.80,38.50,39.35,36.33,"63,344","Jul 04, 2014"
03-07-2014,42.95,43.00,39.65,39.85,36.79,"170,772","Jul 03, 2014"
02-07-2014,36.40,43.00,36.40,42.00,38.77,"661,476","Jul 02, 2014"
01-07-2014,35.80,36.25,35.50,35.85,33.10,"23,709","Jul 01, 2014"
30-06-2014,36.20,37.25,30.00,35.65,32.91,"34,274","Jun 30, 2014"
27-06-2014,36.00,37.00,33.75,36.75,33.93,"47,261","Jun 27, 2014"
26-06-2014,35.50,36.60,35.35,35.75,33.00,"25,392","Jun 26, 2014"
25-06-2014,36.90,37.40,35.30,35.95,33.19,"31,623","Jun 25, 2014"
24-06-2014,32.35,36.50,32.35,36.10,33.33,"81,735","Jun 24, 2014"
23-06-2014,34.00,34.20,32.20,32.90,30.37,"32,067","Jun 23, 2014"
20-06-2014,32.80,34.50,32.55,33.35,30.79,"98,415","Jun 20, 2014"
19-06-2014,31.50,32.60,30.90,32.10,29.63,"48,802","Jun 19, 2014"
18-06-2014,29.50,33.00,29.50,31.00,28.62,"52,361","Jun 18, 2014"
17-06-2014,29.30,30.50,29.00,29.95,27.65,"10,641","Jun 17, 2014"
16-06-2014,30.00,30.00,28.10,29.45,27.19,"11,153","Jun 16, 2014"
13-06-2014,31.00,31.45,29.00,29.45,27.19,"20,656","Jun 13, 2014"
12-06-2014,31.00,31.90,30.00,31.15,28.76,"24,160","Jun 12, 2014"
11-06-2014,30.90,31.90,30.50,30.75,28.39,"34,908","Jun 11, 2014"
10-06-2014,30.85,30.90,29.55,30.10,27.79,"30,654","Jun 10, 2014"
09-06-2014,28.45,31.40,28.45,30.85,28.48,"77,230","Jun 09, 2014"
06-06-2014,28.45,28.90,27.50,28.00,25.85,"26,847","Jun 06, 2014"
05-06-2014,28.80,28.95,27.85,28.20,26.03,"40,200","Jun 05, 2014"
04-06-2014,27.00,28.10,27.00,27.85,25.71,"10,442","Jun 04, 2014"
03-06-2014,26.60,28.25,26.60,28.00,25.85,"33,067","Jun 03, 2014"
02-06-2014,26.30,27.00,26.25,26.95,24.88,"11,822","Jun 02, 2014"
30-05-2014,27.00,27.25,26.55,26.90,24.83,"4,667","May 30, 2014"
29-05-2014,26.85,27.50,26.05,27.00,24.93,"32,747","May 29, 2014"
28-05-2014,25.45,26.65,25.45,26.10,24.10,"5,720","May 28, 2014"
27-05-2014,25.50,26.50,25.30,25.75,23.77,"5,849","May 27, 2014"
26-05-2014,27.50,27.50,26.20,26.55,24.51,"23,937","May 26, 2014"
23-05-2014,27.50,27.70,26.05,26.50,24.46,"30,254","May 23, 2014"
22-05-2014,27.40,28.40,26.50,26.80,24.74,"26,090","May 22, 2014"
21-05-2014,30.00,30.00,26.10,27.10,25.02,"23,779","May 21, 2014"
20-05-2014,29.90,29.90,26.30,27.40,25.30,"50,646","May 20, 2014"
19-05-2014,26.00,26.90,24.60,26.30,24.28,"7,439","May 19, 2014"
16-05-2014,24.05,26.45,23.65,25.65,23.68,"33,664","May 16, 2014"
15-05-2014,27.70,27.70,25.30,25.65,23.68,"7,351","May 15, 2014"
14-05-2014,25.60,26.45,25.55,25.80,23.82,"7,186","May 14, 2014"
13-05-2014,26.00,28.00,25.95,26.25,24.23,"36,977","May 13, 2014"
12-05-2014,26.05,26.25,25.50,25.65,23.68,"3,989","May 12, 2014"
09-05-2014,25.80,26.80,25.35,26.55,24.51,"3,764","May 09, 2014"
08-05-2014,26.05,26.55,25.55,25.70,23.73,"4,324","May 08, 2014"
07-05-2014,27.20,27.20,26.10,26.50,24.46,710,"May 07, 2014"
06-05-2014,26.10,26.35,25.75,26.20,24.19,"12,049","May 06, 2014"
05-05-2014,26.20,27.00,26.05,26.25,24.23,"4,487","May 05, 2014"
02-05-2014,27.60,27.60,22.50,26.70,24.65,"21,201","May 02, 2014"
30-04-2014,26.50,26.85,25.55,26.15,24.14,"5,176","Apr 30, 2014"
29-04-2014,26.00,27.80,25.55,26.30,24.28,"15,891","Apr 29, 2014"
28-04-2014,25.95,26.60,25.95,26.40,24.37,"4,195","Apr 28, 2014"
25-04-2014,27.00,27.00,25.30,25.75,23.77,"6,420","Apr 25, 2014"
24-04-2014,26.95,26.95,26.95,26.95,24.88,-,"Apr 24, 2014"
23-04-2014,27.30,27.45,26.20,26.95,24.88,"4,360","Apr 23, 2014"
22-04-2014,25.75,26.90,25.50,26.70,24.65,"11,061","Apr 22, 2014"
21-04-2014,26.10,26.60,25.50,26.05,24.05,"18,463","Apr 21, 2014"
17-04-2014,27.70,27.70,26.00,26.65,24.60,"10,343","Apr 17, 2014"
16-04-2014,24.50,27.50,24.50,26.90,24.83,"79,784","Apr 16, 2014"
15-04-2014,25.00,25.00,24.15,24.15,22.29,"5,024","Apr 15, 2014"
11-04-2014,23.75,25.00,23.75,24.35,22.48,"11,460","Apr 11, 2014"
10-04-2014,24.00,24.00,23.60,23.95,22.11,"4,092","Apr 10, 2014"
09-04-2014,24.00,24.00,23.65,23.85,22.02,"12,629","Apr 09, 2014"
07-04-2014,23.85,24.50,23.50,23.70,21.88,"5,061","Apr 07, 2014"
04-04-2014,23.40,23.65,23.15,23.65,21.83,"2,407","Apr 04, 2014"
03-04-2014,24.00,24.20,23.60,23.65,21.83,"2,097","Apr 03, 2014"
02-04-2014,23.95,24.15,23.50,24.15,22.29,"1,494","Apr 02, 2014"
01-04-2014,25.50,25.50,24.00,24.05,22.20,"3,944","Apr 01, 2014"
31-03-2014,24.70,25.75,23.70,25.10,23.17,"3,148","Mar 31, 2014"
28-03-2014,23.45,26.40,23.00,24.60,22.71,"16,074","Mar 28, 2014"
27-03-2014,22.50,23.50,20.10,23.35,21.56,"4,947","Mar 27, 2014"
26-03-2014,23.20,23.25,22.60,23.15,21.37,"3,747","Mar 26, 2014"
25-03-2014,23.10,23.50,23.00,23.00,21.23,"3,316","Mar 25, 2014"
24-03-2014,22.00,23.95,22.00,23.45,21.65,376,"Mar 24, 2014"
22-03-2014,-,-,-,-,-,-,"Mar 22, 2014"
21-03-2014,23.20,23.95,23.20,23.50,21.69,"1,523","Mar 21, 2014"
20-03-2014,23.15,23.50,23.15,23.50,21.69,191,"Mar 20, 2014"
19-03-2014,23.30,23.50,23.20,23.45,21.65,"1,745","Mar 19, 2014"
18-03-2014,24.00,24.05,22.50,23.80,21.97,"4,472","Mar 18, 2014"
14-03-2014,25.10,25.10,24.00,24.05,22.20,"2,301","Mar 14, 2014"
13-03-2014,24.35,24.35,22.70,24.20,22.34,"16,755","Mar 13, 2014"
12-03-2014,22.80,23.50,22.70,23.50,21.69,"7,671","Mar 12, 2014"
11-03-2014,22.65,23.90,22.65,23.05,21.28,"3,490","Mar 11, 2014"
10-03-2014,22.25,24.00,22.25,23.95,22.11,"7,127","Mar 10, 2014"
07-03-2014,22.00,23.05,22.00,22.85,21.09,"3,780","Mar 07, 2014"
06-03-2014,23.00,23.05,23.00,23.00,21.23,"2,224","Mar 06, 2014"
05-03-2014,22.40,23.40,22.30,23.00,21.23,"1,216","Mar 05, 2014"
04-03-2014,21.00,23.25,21.00,23.20,21.42,"3,184","Mar 04, 2014"
03-03-2014,22.95,23.00,22.50,22.50,20.77,"5,666","Mar 03, 2014"
28-02-2014,22.50,23.45,22.50,23.00,21.23,727,"Feb 28, 2014"
26-02-2014,23.25,23.25,23.00,23.00,21.23,"2,149","Feb 26, 2014"
25-02-2014,23.00,23.25,23.00,23.15,21.37,"1,501","Feb 25, 2014"
24-02-2014,23.00,23.45,23.00,23.00,21.23,"3,498","Feb 24, 2014"
21-02-2014,22.30,23.45,22.30,23.40,21.60,"3,264","Feb 21, 2014"
20-02-2014,21.65,24.00,21.60,23.40,21.60,"10,253","Feb 20, 2014"
19-02-2014,22.00,23.90,22.00,23.70,21.88,"8,226","Feb 19, 2014"
18-02-2014,23.50,23.50,22.75,22.80,21.05,"3,272","Feb 18, 2014"
17-02-2014,22.75,23.20,22.75,23.20,21.42,30,"Feb 17, 2014"
14-02-2014,22.00,23.45,22.00,23.25,21.46,"1,111","Feb 14, 2014"
13-02-2014,23.50,23.50,22.75,22.75,21.00,"2,022","Feb 13, 2014"
12-02-2014,23.20,23.50,22.70,23.15,21.37,"1,107","Feb 12, 2014"
11-02-2014,22.70,23.70,22.70,23.25,21.46,"4,990","Feb 11, 2014"
10-02-2014,22.60,23.90,22.60,22.70,20.96,"1,840","Feb 10, 2014"
07-02-2014,22.40,23.50,22.40,23.30,21.51,"1,458","Feb 07, 2014"
06-02-2014,22.05,23.95,22.05,23.00,21.23,"1,725","Feb 06, 2014"
05-02-2014,23.95,24.40,23.50,23.55,21.74,"1,611","Feb 05, 2014"
04-02-2014,20.00,24.65,20.00,24.00,22.16,"4,545","Feb 04, 2014"
03-02-2014,23.00,23.75,22.05,22.35,20.63,"1,861","Feb 03, 2014"
31-01-2014,20.25,24.85,20.25,22.90,21.14,"3,824","Jan 31, 2014"
30-01-2014,26.00,26.00,23.05,23.70,21.88,"19,717","Jan 30, 2014"
29-01-2014,25.50,26.00,25.25,25.50,23.54,"3,287","Jan 29, 2014"
28-01-2014,25.05,25.75,25.05,25.20,23.26,534,"Jan 28, 2014"
27-01-2014,25.00,26.75,24.50,25.60,23.63,"8,992","Jan 27, 2014"
24-01-2014,26.25,26.25,26.00,26.00,24.00,372,"Jan 24, 2014"
23-01-2014,22.10,26.65,22.10,25.80,23.82,"1,690","Jan 23, 2014"
22-01-2014,22.60,28.00,22.60,26.25,24.23,"8,010","Jan 22, 2014"
21-01-2014,26.00,26.75,25.90,26.30,24.28,"2,050","Jan 21, 2014"
20-01-2014,25.00,27.80,25.00,26.50,24.46,"14,409","Jan 20, 2014"
17-01-2014,25.00,27.00,25.00,26.70,24.65,"8,164","Jan 17, 2014"
16-01-2014,22.00,27.00,22.00,26.35,24.33,"14,982","Jan 16, 2014"
15-01-2014,24.10,26.60,24.10,26.15,24.14,"11,557","Jan 15, 2014"
14-01-2014,21.00,26.65,21.00,26.30,24.28,"6,455","Jan 14, 2014"
13-01-2014,27.25,27.25,24.55,25.60,23.63,"11,329","Jan 13, 2014"
10-01-2014,26.60,27.15,26.60,26.60,24.56,"3,245","Jan 10, 2014"
09-01-2014,26.20,26.80,26.20,26.20,24.19,"2,511","Jan 09, 2014"
08-01-2014,25.40,25.95,25.40,25.40,23.45,"2,400","Jan 08, 2014"
07-01-2014,25.55,25.55,25.55,25.55,23.59,10,"Jan 07, 2014"
06-01-2014,25.95,26.00,25.00,25.95,23.96,550,"Jan 06, 2014"
03-01-2014,27.00,27.00,27.00,27.00,24.93,25,"Jan 03, 2014"
02-01-2014,26.40,26.40,26.40,26.40,24.37,100,"Jan 02, 2014"
01-01-2014,25.60,26.00,24.30,25.60,23.63,703,"Jan 01, 2014"
31-12-2013,23.10,26.00,23.10,23.10,21.33,"5,504","Dec 31, 2013"
30-12-2013,25.00,25.50,25.00,25.00,23.08,"3,700","Dec 30, 2013"
27-12-2013,26.10,27.00,26.10,26.10,24.10,"6,477","Dec 27, 2013"
26-12-2013,26.00,26.05,25.50,26.00,24.00,"5,156","Dec 26, 2013"
24-12-2013,25.00,25.00,24.90,25.00,23.08,"2,605","Dec 24, 2013"
23-12-2013,25.00,25.00,24.00,25.00,23.08,"3,191","Dec 23, 2013"
20-12-2013,24.30,24.30,24.00,24.30,22.43,"1,300","Dec 20, 2013"
19-12-2013,24.00,24.00,24.00,24.00,22.16,"2,000","Dec 19, 2013"
18-12-2013,24.00,24.00,24.00,24.00,22.16,"5,900","Dec 18, 2013"
17-12-2013,24.00,24.00,23.60,24.00,22.16,"5,200","Dec 17, 2013"
16-12-2013,23.10,24.00,23.10,23.10,21.33,900,"Dec 16, 2013"
13-12-2013,24.00,24.00,24.00,24.00,22.16,700,"Dec 13, 2013"
12-12-2013,24.10,24.20,24.10,24.10,22.25,"2,650","Dec 12, 2013"
11-12-2013,24.10,24.10,24.00,24.10,22.25,"5,063","Dec 11, 2013"
10-12-2013,24.00,24.00,23.60,24.00,22.16,900,"Dec 10, 2013"
09-12-2013,23.50,24.00,23.50,23.50,21.69,"7,070","Dec 09, 2013"
06-12-2013,24.00,24.00,23.50,24.00,22.16,555,"Dec 06, 2013"
05-12-2013,23.50,24.00,23.10,23.50,21.69,"1,933","Dec 05, 2013"
04-12-2013,23.95,24.00,23.95,23.95,22.11,"3,210","Dec 04, 2013"
03-12-2013,24.00,24.00,22.80,24.00,22.16,"1,350","Dec 03, 2013"
02-12-2013,24.10,24.10,23.55,24.10,22.25,"2,105","Dec 02, 2013"
29-11-2013,24.00,24.00,24.00,24.00,22.16,"2,313","Nov 29, 2013"
28-11-2013,24.00,24.00,24.00,24.00,22.16,"2,552","Nov 28, 2013"
27-11-2013,24.10,24.10,24.05,24.10,22.25,"2,635","Nov 27, 2013"
26-11-2013,24.00,24.00,23.05,24.00,22.16,"5,704","Nov 26, 2013"
25-11-2013,23.75,23.75,23.10,23.75,21.93,"1,380","Nov 25, 2013"
22-11-2013,23.75,23.75,23.50,23.75,21.93,230,"Nov 22, 2013"
21-11-2013,23.00,23.05,23.00,23.00,21.23,619,"Nov 21, 2013"
20-11-2013,23.00,23.60,23.00,23.00,21.23,"8,869","Nov 20, 2013"
19-11-2013,23.00,23.00,22.75,22.75,21.00,500,"Nov 19, 2013"
18-11-2013,22.75,22.75,22.75,22.75,21.00,"2,061","Nov 18, 2013"
14-11-2013,22.55,23.00,22.55,22.55,20.82,"7,474","Nov 14, 2013"
13-11-2013,23.00,23.00,23.00,23.00,21.23,10,"Nov 13, 2013"
12-11-2013,23.00,23.00,22.30,23.00,21.23,"6,473","Nov 12, 2013"
11-11-2013,23.05,23.05,23.05,23.05,21.28,33,"Nov 11, 2013"
08-11-2013,23.00,23.00,23.00,23.00,21.23,857,"Nov 08, 2013"
07-11-2013,22.90,23.00,22.80,22.90,21.14,"1,624","Nov 07, 2013"
06-11-2013,23.00,23.00,22.00,23.00,21.23,"5,944","Nov 06, 2013"
05-11-2013,23.00,23.00,22.05,23.00,21.23,"4,025","Nov 05, 2013"
01-11-2013,22.50,22.50,22.00,22.50,20.77,860,"Nov 01, 2013"
31-10-2013,23.00,23.00,22.00,23.00,21.23,"1,151","Oct 31, 2013"
30-10-2013,22.00,22.00,21.50,22.00,20.31,"1,150","Oct 30, 2013"
29-10-2013,22.10,22.15,22.10,22.10,20.40,200,"Oct 29, 2013"
28-10-2013,22.80,22.80,22.80,22.80,21.05,50,"Oct 28, 2013"
25-10-2013,23.45,23.45,23.00,23.45,21.65,"2,050","Oct 25, 2013"
24-10-2013,21.60,21.80,21.60,21.60,19.94,"3,500","Oct 24, 2013"
23-10-2013,21.40,21.40,21.40,21.40,19.76,300,"Oct 23, 2013"
22-10-2013,21.10,22.90,21.10,21.10,19.48,724,"Oct 22, 2013"
21-10-2013,21.15,21.50,21.15,21.15,19.53,525,"Oct 21, 2013"
18-10-2013,21.00,21.20,21.00,21.00,19.39,30,"Oct 18, 2013"
17-10-2013,21.55,21.95,21.55,21.55,19.89,"6,270","Oct 17, 2013"
15-10-2013,22.95,22.95,21.45,22.95,21.19,"2,562","Oct 15, 2013"
14-10-2013,21.10,21.50,21.10,21.10,19.48,"1,451","Oct 14, 2013"
11-10-2013,21.70,21.70,21.10,21.70,20.03,799,"Oct 11, 2013"
10-10-2013,21.50,21.85,21.50,21.50,19.85,"2,137","Oct 10, 2013"
09-10-2013,21.50,21.70,21.35,21.50,19.85,"3,179","Oct 09, 2013"
08-10-2013,22.00,22.00,21.10,22.00,20.31,510,"Oct 08, 2013"
07-10-2013,21.50,21.50,21.00,21.50,19.85,"1,891","Oct 07, 2013"
04-10-2013,22.00,22.00,22.00,22.00,20.31,200,"Oct 04, 2013"
03-10-2013,21.50,21.50,21.10,21.50,19.85,"13,980","Oct 03, 2013"
01-10-2013,21.40,21.75,21.40,21.40,19.76,"2,100","Oct 01, 2013"
30-09-2013,21.05,21.10,21.05,21.05,19.43,375,"Sep 30, 2013"
27-09-2013,21.50,21.50,21.50,21.50,19.85,200,"Sep 27, 2013"
26-09-2013,21.10,21.10,21.10,21.10,19.48,100,"Sep 26, 2013"
25-09-2013,22.00,22.05,22.00,22.00,20.31,"4,355","Sep 25, 2013"
24-09-2013,22.00,22.00,21.00,22.00,20.31,"6,609","Sep 24, 2013"
23-09-2013,21.00,21.00,21.00,21.00,19.39,-,"Sep 23, 2013"
20-09-2013,21.00,21.00,21.00,21.00,19.39,700,"Sep 20, 2013"
19-09-2013,21.10,21.10,21.00,21.10,19.48,163,"Sep 19, 2013"
18-09-2013,20.05,20.05,20.05,20.05,18.51,-,"Sep 18, 2013"
17-09-2013,20.05,20.10,20.05,20.05,18.51,208,"Sep 17, 2013"
16-09-2013,21.15,21.50,21.05,21.15,19.53,"3,821","Sep 16, 2013"
13-09-2013,21.00,21.00,20.55,21.00,19.39,550,"Sep 13, 2013"
12-09-2013,21.00,21.95,20.30,21.00,19.39,"6,193","Sep 12, 2013"
11-09-2013,20.70,21.80,20.70,20.70,19.11,300,"Sep 11, 2013"
11-09-2013,1 Dividend,,,,,,"Sep 11, 2013"
10-09-2013,22.00,22.00,21.00,22.00,19.39,850,"Sep 10, 2013"
06-09-2013,21.00,22.00,19.50,21.00,18.51,"3,060","Sep 06, 2013"
05-09-2013,22.00,22.00,21.50,22.00,19.39,"3,425","Sep 05, 2013"
04-09-2013,22.00,22.00,21.10,22.00,19.39,"3,400","Sep 04, 2013"
03-09-2013,21.60,21.60,21.60,21.60,19.03,-,"Sep 03, 2013"
02-09-2013,21.60,24.30,21.20,21.60,19.03,"2,304","Sep 02, 2013"
30-08-2013,22.00,22.00,22.00,22.00,19.39,-,"Aug 30, 2013"
29-08-2013,22.00,22.00,22.00,22.00,19.39,956,"Aug 29, 2013"
28-08-2013,21.10,21.10,21.00,21.00,18.51,"1,283","Aug 28, 2013"
27-08-2013,21.20,21.20,21.20,21.20,18.68,600,"Aug 27, 2013"
26-08-2013,20.25,22.00,20.25,20.25,17.84,"2,515","Aug 26, 2013"
23-08-2013,21.50,21.50,20.75,21.50,18.95,"2,190","Aug 23, 2013"
22-08-2013,23.55,23.55,21.00,23.55,20.75,"2,360","Aug 22, 2013"
21-08-2013,21.55,21.55,20.25,21.55,18.99,100,"Aug 21, 2013"
20-08-2013,21.00,21.00,21.00,21.00,18.51,"1,895","Aug 20, 2013"
19-08-2013,21.50,21.50,21.05,21.50,18.95,"2,345","Aug 19, 2013"
16-08-2013,21.05,21.50,21.05,21.05,18.55,950,"Aug 16, 2013"
14-08-2013,21.50,22.00,21.05,21.50,18.95,549,"Aug 14, 2013"
13-08-2013,21.05,21.20,21.00,21.05,18.55,"2,500","Aug 13, 2013"
12-08-2013,20.60,21.00,20.60,20.60,18.15,"3,586","Aug 12, 2013"
08-08-2013,20.95,21.00,20.00,20.95,18.46,"1,100","Aug 08, 2013"
07-08-2013,21.00,21.00,21.00,21.00,18.51,"3,504","Aug 07, 2013"
06-08-2013,21.00,21.05,21.00,21.00,18.51,"1,480","Aug 06, 2013"
05-08-2013,21.80,21.80,21.80,21.80,19.21,-,"Aug 05, 2013"
02-08-2013,21.80,22.00,21.00,21.80,19.21,"3,628","Aug 02, 2013"
01-08-2013,21.45,21.90,21.45,21.45,18.90,"4,780","Aug 01, 2013"
31-07-2013,21.90,21.90,21.35,21.90,19.30,"2,700","Jul 31, 2013"
30-07-2013,22.00,22.00,21.75,22.00,19.39,"4,401","Jul 30, 2013"
29-07-2013,21.60,21.95,21.60,21.60,19.03,"2,199","Jul 29, 2013"
26-07-2013,21.00,22.00,21.00,21.00,18.51,"1,035","Jul 26, 2013"
25-07-2013,21.50,22.00,19.35,21.50,18.95,"1,101","Jul 25, 2013"
24-07-2013,21.75,21.75,21.55,21.55,18.99,5,"Jul 24, 2013"
23-07-2013,22.00,22.00,22.00,22.00,19.39,"1,010","Jul 23, 2013"
22-07-2013,22.00,22.95,21.85,22.00,19.39,777,"Jul 22, 2013"
19-07-2013,22.85,22.90,22.05,22.85,20.14,818,"Jul 19, 2013"
18-07-2013,22.85,22.85,22.85,22.85,20.14,-,"Jul 18, 2013"
17-07-2013,22.85,22.85,21.85,22.85,20.14,800,"Jul 17, 2013"
16-07-2013,23.00,23.10,22.50,23.00,20.27,"4,150","Jul 16, 2013"
15-07-2013,22.00,22.00,22.00,22.00,19.39,"5,100","Jul 15, 2013"
12-07-2013,22.00,22.00,22.00,22.00,19.39,"4,000","Jul 12, 2013"
11-07-2013,21.55,21.55,21.55,21.55,18.99,1,"Jul 11, 2013"
10-07-2013,22.00,22.00,22.00,22.00,19.39,"3,222","Jul 10, 2013"
09-07-2013,21.50,22.00,21.05,21.50,18.95,"5,987","Jul 09, 2013"
08-07-2013,22.00,22.00,22.00,22.00,19.39,300,"Jul 08, 2013"
05-07-2013,22.00,22.00,21.50,22.00,19.39,"3,104","Jul 05, 2013"
04-07-2013,21.00,21.25,21.00,21.00,18.51,7,"Jul 04, 2013"
03-07-2013,21.95,21.95,21.95,21.95,19.34,"2,000","Jul 03, 2013"
02-07-2013,21.15,21.15,21.15,21.15,18.64,-,"Jul 02, 2013"
01-07-2013,21.15,22.00,21.05,21.15,18.64,"1,445","Jul 01, 2013"
28-06-2013,22.00,22.00,21.50,22.00,19.39,"1,100","Jun 28, 2013"
27-06-2013,21.95,21.95,21.95,21.95,19.34,"1,747","Jun 27, 2013"
26-06-2013,21.95,21.95,21.05,21.95,19.34,205,"Jun 26, 2013"
25-06-2013,22.00,22.00,22.00,22.00,19.39,"2,000","Jun 25, 2013"
24-06-2013,22.00,22.00,20.25,22.00,19.39,"2,610","Jun 24, 2013"
21-06-2013,21.45,21.45,21.45,21.45,18.90,"1,270","Jun 21, 2013"
20-06-2013,21.25,22.10,21.25,21.25,18.73,"11,200","Jun 20, 2013"
19-06-2013,22.95,23.00,22.40,23.00,20.27,200,"Jun 19, 2013"
18-06-2013,22.00,22.00,22.00,22.00,19.39,930,"Jun 18, 2013"
17-06-2013,22.00,22.00,22.00,22.00,19.39,200,"Jun 17, 2013"
14-06-2013,22.00,22.00,22.00,22.00,19.39,"1,000","Jun 14, 2013"
13-06-2013,21.35,22.00,21.35,21.35,18.81,"2,702","Jun 13, 2013"
12-06-2013,22.00,22.00,22.00,22.00,19.39,"2,000","Jun 12, 2013"
11-06-2013,22.50,22.50,21.10,22.50,19.83,"1,350","Jun 11, 2013"
10-06-2013,22.50,22.55,22.50,22.50,19.83,600,"Jun 10, 2013"
07-06-2013,22.50,23.00,22.50,22.50,19.83,"2,785","Jun 07, 2013"
06-06-2013,22.50,22.50,22.50,22.50,19.83,-,"Jun 06, 2013"
05-06-2013,22.50,22.55,22.50,22.50,19.83,"2,100","Jun 05, 2013"
04-06-2013,22.40,22.90,22.40,22.40,19.74,"3,720","Jun 04, 2013"
03-06-2013,22.90,22.90,22.90,22.90,20.18,500,"Jun 03, 2013"
31-05-2013,22.50,22.55,22.10,22.50,19.83,"3,921","May 31, 2013"
30-05-2013,22.95,22.95,21.10,22.95,20.22,"1,410","May 30, 2013"
29-05-2013,22.00,22.00,22.00,22.00,19.39,-,"May 29, 2013"
28-05-2013,22.00,22.00,22.00,22.00,19.39,"1,741","May 28, 2013"
27-05-2013,22.00,22.00,21.00,22.00,19.39,"2,502","May 27, 2013"
24-05-2013,22.00,22.00,22.00,22.00,19.39,"1,000","May 24, 2013"
23-05-2013,22.50,22.50,22.00,22.50,19.83,"5,100","May 23, 2013"
22-05-2013,22.30,22.30,22.05,22.30,19.65,"3,225","May 22, 2013"
21-05-2013,22.15,23.10,22.15,22.15,19.52,"4,751","May 21, 2013"
20-05-2013,21.85,21.90,21.85,21.85,19.25,280,"May 20, 2013"
17-05-2013,21.90,22.95,21.30,21.90,19.30,"4,050","May 17, 2013"
16-05-2013,20.00,20.00,20.00,20.00,17.62,-,"May 16, 2013"
15-05-2013,20.00,20.00,20.00,20.00,17.62,20,"May 15, 2013"
14-05-2013,21.00,21.00,21.00,21.00,18.51,-,"May 14, 2013"
13-05-2013,21.00,21.00,21.00,21.00,18.51,"2,600","May 13, 2013"
10-05-2013,22.00,22.00,22.00,22.00,19.39,"1,000","May 10, 2013"
09-05-2013,22.00,22.00,22.00,22.00,19.39,975,"May 09, 2013"
08-05-2013,21.10,22.50,21.10,22.50,19.83,100,"May 08, 2013"
07-05-2013,21.10,21.10,21.00,21.10,18.59,"2,025","May 07, 2013"
06-05-2013,21.50,22.00,21.15,21.50,18.95,620,"May 06, 2013"
03-05-2013,22.20,23.00,22.20,22.20,19.56,20,"May 03, 2013"
02-05-2013,21.50,21.50,21.50,21.50,18.95,-,"May 02, 2013"
30-04-2013,21.50,21.50,21.50,21.50,18.95,643,"Apr 30, 2013"
29-04-2013,21.50,21.50,21.50,21.50,18.95,"1,590","Apr 29, 2013"
26-04-2013,21.50,22.00,21.00,21.50,18.95,566,"Apr 26, 2013"
25-04-2013,21.95,21.95,21.50,21.95,19.34,"2,303","Apr 25, 2013"
23-04-2013,21.60,22.45,21.50,21.60,19.03,"2,115","Apr 23, 2013"
22-04-2013,22.15,23.70,21.80,22.15,19.52,"3,600","Apr 22, 2013"
18-04-2013,20.50,20.50,20.10,20.50,18.07,870,"Apr 18, 2013"
17-04-2013,21.00,22.40,21.00,20.55,18.11,45,"Apr 17, 2013"
16-04-2013,20.65,21.90,20.15,20.65,18.20,"2,210","Apr 16, 2013"
15-04-2013,20.50,22.50,20.30,20.50,18.07,"4,051","Apr 15, 2013"
12-04-2013,21.95,21.95,21.95,21.95,19.34,-,"Apr 12, 2013"
11-04-2013,21.95,21.95,21.95,21.95,19.34,-,"Apr 11, 2013"
10-04-2013,21.95,21.95,21.95,21.95,19.34,-,"Apr 10, 2013"
09-04-2013,21.95,21.95,21.95,21.95,19.34,-,"Apr 09, 2013"
08-04-2013,21.95,21.95,21.95,21.95,19.34,-,"Apr 08, 2013"
05-04-2013,21.00,22.40,21.00,21.95,19.34,"3,754","Apr 05, 2013"
04-04-2013,21.60,21.65,21.60,21.65,19.08,350,"Apr 04, 2013"
03-04-2013,22.00,22.40,22.00,22.10,19.48,"2,315","Apr 03, 2013"
02-04-2013,21.20,22.45,21.20,22.15,19.52,"2,836","Apr 02, 2013"
01-04-2013,20.85,22.45,20.85,21.15,18.64,"4,386","Apr 01, 2013"
28-03-2013,20.50,22.50,20.50,21.00,18.51,"6,564","Mar 28, 2013"
26-03-2013,20.20,21.00,20.20,21.00,18.51,"1,215","Mar 26, 2013"
25-03-2013,20.15,21.60,20.15,21.00,18.51,"5,238","Mar 25, 2013"
22-03-2013,21.05,22.25,20.80,21.15,18.64,"12,220","Mar 22, 2013"
21-03-2013,22.00,22.40,21.70,22.00,19.39,"16,403","Mar 21, 2013"
20-03-2013,21.00,22.90,21.00,22.80,20.09,"3,955","Mar 20, 2013"
19-03-2013,23.05,23.50,21.70,22.00,19.39,"20,581","Mar 19, 2013"
18-03-2013,22.00,23.90,22.00,23.55,20.75,"1,619","Mar 18, 2013"
15-03-2013,22.50,23.75,22.50,23.25,20.49,"3,164","Mar 15, 2013"
14-03-2013,22.55,23.35,22.55,23.35,20.58,"2,418","Mar 14, 2013"
13-03-2013,22.50,23.50,22.50,23.35,20.58,912,"Mar 13, 2013"
12-03-2013,22.55,23.70,22.55,23.60,20.80,"3,409","Mar 12, 2013"
11-03-2013,22.10,24.75,22.10,23.40,20.62,"6,081","Mar 11, 2013"
08-03-2013,23.05,24.60,23.05,23.90,21.06,"4,883","Mar 08, 2013"
07-03-2013,23.05,23.75,23.05,23.75,20.93,"3,419","Mar 07, 2013"
06-03-2013,24.40,24.40,23.25,23.70,20.89,877,"Mar 06, 2013"
05-03-2013,23.05,24.30,23.00,23.25,20.49,"4,035","Mar 05, 2013"
04-03-2013,24.50,24.50,23.00,23.80,20.97,"5,688","Mar 04, 2013"
01-03-2013,22.55,24.05,22.55,23.75,20.93,"3,301","Mar 01, 2013"
28-02-2013,22.40,24.00,22.40,23.40,20.62,"5,191","Feb 28, 2013"
27-02-2013,22.20,23.20,22.15,23.00,20.27,"2,648","Feb 27, 2013"
26-02-2013,22.40,23.70,22.40,23.05,20.31,"8,173","Feb 26, 2013"
25-02-2013,23.70,23.70,22.80,23.25,20.49,"1,225","Feb 25, 2013"
22-02-2013,23.50,23.75,23.25,23.40,20.62,"5,277","Feb 22, 2013"
21-02-2013,23.25,23.50,23.25,23.25,20.49,"5,010","Feb 21, 2013"
20-02-2013,22.45,24.10,22.45,23.50,20.71,"4,900","Feb 20, 2013"
19-02-2013,23.00,23.25,23.00,23.05,20.31,"1,174","Feb 19, 2013"
18-02-2013,23.00,23.00,23.00,23.00,20.27,"3,934","Feb 18, 2013"
15-02-2013,22.35,23.60,22.35,23.50,20.71,"3,191","Feb 15, 2013"
14-02-2013,23.05,23.85,23.05,23.15,20.40,529,"Feb 14, 2013"
13-02-2013,23.30,23.75,23.30,23.60,20.80,"1,494","Feb 13, 2013"
12-02-2013,22.40,24.15,22.40,24.15,21.28,"11,092","Feb 12, 2013"
11-02-2013,22.90,23.05,22.50,23.00,20.27,"1,380","Feb 11, 2013"
08-02-2013,22.80,23.75,22.80,23.15,20.40,"2,484","Feb 08, 2013"
07-02-2013,23.50,24.00,23.50,23.75,20.93,"4,072","Feb 07, 2013"
06-02-2013,22.10,23.25,22.10,23.00,20.27,"4,187","Feb 06, 2013"
05-02-2013,22.15,22.95,22.15,22.30,19.65,"1,401","Feb 05, 2013"
04-02-2013,22.30,22.80,22.30,22.50,19.83,"1,400","Feb 04, 2013"
01-02-2013,22.00,22.80,22.00,22.80,20.09,802,"Feb 01, 2013"
31-01-2013,21.50,23.35,21.50,21.95,19.34,"8,279","Jan 31, 2013"
30-01-2013,22.00,23.70,22.00,22.55,19.87,"16,777","Jan 30, 2013"
29-01-2013,23.25,24.85,23.15,23.15,20.40,"13,493","Jan 29, 2013"
28-01-2013,24.00,25.00,23.80,24.35,21.46,"3,450","Jan 28, 2013"
25-01-2013,24.50,25.70,24.50,25.00,22.03,"4,828","Jan 25, 2013"
24-01-2013,24.15,25.05,24.15,25.00,22.03,"4,082","Jan 24, 2013"
23-01-2013,24.50,25.50,24.50,25.00,22.03,"6,391","Jan 23, 2013"
22-01-2013,24.50,25.65,24.50,25.55,22.52,"9,960","Jan 22, 2013"
21-01-2013,24.50,26.80,24.50,25.55,22.52,"3,501","Jan 21, 2013"
18-01-2013,25.65,26.35,25.50,25.60,22.56,"4,475","Jan 18, 2013"
17-01-2013,25.25,26.70,25.25,26.25,23.13,"5,321","Jan 17, 2013"
16-01-2013,25.55,26.75,25.55,26.45,23.31,"5,532","Jan 16, 2013"
15-01-2013,25.70,27.50,25.70,26.70,23.53,"2,158","Jan 15, 2013"
14-01-2013,25.25,27.75,25.25,27.00,23.79,"16,291","Jan 14, 2013"
11-01-2013,25.50,26.70,25.50,26.45,23.31,"6,100","Jan 11, 2013"
10-01-2013,24.60,26.75,24.60,26.40,23.26,"19,254","Jan 10, 2013"
09-01-2013,25.00,26.10,24.50,25.50,22.47,"12,322","Jan 09, 2013"
08-01-2013,23.65,25.95,23.65,25.55,22.52,"10,100","Jan 08, 2013"
07-01-2013,22.95,25.00,22.95,24.75,21.81,"8,848","Jan 07, 2013"
04-01-2013,22.75,24.35,22.75,24.05,21.19,"4,848","Jan 04, 2013"
03-01-2013,22.65,24.40,22.65,23.80,20.97,"5,123","Jan 03, 2013"
02-01-2013,23.00,24.85,23.00,23.80,20.97,"7,214","Jan 02, 2013"
01-01-2013,22.75,24.65,22.75,24.05,21.19,"2,992","Jan 01, 2013"
31-12-2012,22.05,24.05,22.05,23.85,21.02,"8,423","Dec 31, 2012"
28-12-2012,22.40,23.50,22.35,23.10,20.36,"2,490","Dec 28, 2012"
27-12-2012,23.10,24.00,23.10,23.50,20.71,"2,413","Dec 27, 2012"
26-12-2012,23.05,24.35,23.05,23.90,21.06,"3,582","Dec 26, 2012"
24-12-2012,22.05,24.00,22.05,24.00,21.15,"13,204","Dec 24, 2012"
21-12-2012,22.00,23.95,22.00,22.90,20.18,"13,172","Dec 21, 2012"
20-12-2012,23.00,23.75,23.00,23.00,20.27,"7,323","Dec 20, 2012"
19-12-2012,23.95,24.15,22.90,23.95,21.11,"9,047","Dec 19, 2012"
18-12-2012,23.70,24.45,23.20,23.70,20.89,"6,696","Dec 18, 2012"
17-12-2012,23.30,24.70,23.30,23.85,21.02,"7,636","Dec 17, 2012"
14-12-2012,23.10,24.95,23.00,24.45,21.55,"9,822","Dec 14, 2012"
13-12-2012,23.35,24.00,23.35,23.90,21.06,"3,466","Dec 13, 2012"
12-12-2012,23.40,24.35,23.40,23.60,20.80,"1,290","Dec 12, 2012"
11-12-2012,24.00,24.65,23.55,24.10,21.24,"3,780","Dec 11, 2012"
10-12-2012,24.15,24.90,23.50,23.50,20.71,"6,935","Dec 10, 2012"
07-12-2012,25.00,25.35,24.50,24.60,21.68,"5,847","Dec 07, 2012"
06-12-2012,24.20,25.40,24.20,25.40,22.38,"15,563","Dec 06, 2012"
05-12-2012,24.55,25.50,24.00,24.60,21.68,"8,197","Dec 05, 2012"
04-12-2012,25.20,26.00,24.95,25.05,22.07,"13,003","Dec 04, 2012"
03-12-2012,25.00,26.40,25.00,25.30,22.29,"6,897","Dec 03, 2012"
30-11-2012,25.50,25.95,25.00,25.40,22.38,"6,441","Nov 30, 2012"
29-11-2012,24.40,25.70,24.00,25.45,22.43,"15,098","Nov 29, 2012"
27-11-2012,23.00,24.90,23.00,24.55,21.63,"13,131","Nov 27, 2012"
26-11-2012,23.70,24.50,23.70,23.75,20.93,"12,471","Nov 26, 2012"
23-11-2012,25.00,26.30,24.60,24.90,21.94,"9,062","Nov 23, 2012"
22-11-2012,25.95,26.40,25.50,25.80,22.74,"12,791","Nov 22, 2012"
21-11-2012,25.10,26.90,25.10,26.05,22.96,"19,291","Nov 21, 2012"
20-11-2012,27.30,27.30,25.20,25.50,22.47,"22,261","Nov 20, 2012"
19-11-2012,28.00,28.45,26.55,27.00,23.79,"36,935","Nov 19, 2012"
16-11-2012,29.90,29.90,27.50,27.85,24.54,"38,961","Nov 16, 2012"
15-11-2012,29.95,31.25,29.50,29.85,26.30,"147,782","Nov 15, 2012"
12-11-2012,23.50,26.90,22.20,25.70,22.65,"52,773","Nov 12, 2012"
11-11-2012,-,-,-,-,-,-,"Nov 11, 2012"
09-11-2012,20.00,23.20,20.00,22.80,20.09,"50,181","Nov 09, 2012"
08-11-2012,20.60,20.80,20.30,20.60,18.15,"5,657","Nov 08, 2012"
07-11-2012,20.70,21.50,20.10,21.15,18.64,"6,037","Nov 07, 2012"
06-11-2012,20.70,21.30,20.10,20.45,18.02,"5,008","Nov 06, 2012"
05-11-2012,20.00,20.95,20.00,20.70,18.24,"4,149","Nov 05, 2012"
02-11-2012,18.60,21.30,18.60,20.95,18.46,"10,234","Nov 02, 2012"
01-11-2012,18.75,20.95,18.75,20.50,18.07,476,"Nov 01, 2012"
31-10-2012,19.05,20.90,19.05,20.80,18.33,"2,296","Oct 31, 2012"
30-10-2012,18.60,21.05,18.60,20.80,18.33,"24,216","Oct 30, 2012"
29-10-2012,19.50,20.95,19.50,20.60,18.15,"39,681","Oct 29, 2012"
25-10-2012,18.10,20.00,18.10,19.70,17.36,"4,020","Oct 25, 2012"
23-10-2012,18.05,19.40,18.05,19.10,16.83,"1,805","Oct 23, 2012"
22-10-2012,19.10,19.25,18.00,19.15,16.88,"5,224","Oct 22, 2012"
19-10-2012,17.50,19.70,17.50,19.30,17.01,"4,808","Oct 19, 2012"
18-10-2012,17.20,19.65,17.20,19.40,17.10,"6,355","Oct 18, 2012"
17-10-2012,18.20,19.25,18.20,19.10,16.83,"1,672","Oct 17, 2012"
16-10-2012,18.05,19.25,18.05,19.15,16.88,995,"Oct 16, 2012"
15-10-2012,17.30,19.70,17.30,19.25,16.96,"10,726","Oct 15, 2012"
12-10-2012,17.40,19.70,17.40,19.20,16.92,"3,532","Oct 12, 2012"
11-10-2012,17.50,19.30,17.50,19.30,17.01,"4,095","Oct 11, 2012"
10-10-2012,18.65,19.80,18.65,19.40,17.10,"7,899","Oct 10, 2012"
09-10-2012,19.00,19.95,19.00,19.60,17.27,"7,548","Oct 09, 2012"
08-10-2012,17.60,19.65,17.60,19.25,16.96,"3,642","Oct 08, 2012"
05-10-2012,18.90,20.00,18.90,19.55,17.23,"24,429","Oct 05, 2012"
04-10-2012,17.30,20.00,17.30,19.50,17.18,"5,084","Oct 04, 2012"
03-10-2012,18.65,19.75,18.65,19.20,16.92,"10,857","Oct 03, 2012"
01-10-2012,18.50,20.40,18.50,19.20,16.92,"3,711","Oct 01, 2012"
28-09-2012,17.10,19.80,17.10,19.15,16.88,"7,505","Sep 28, 2012"
27-09-2012,18.50,19.25,18.50,19.00,16.74,"6,151","Sep 27, 2012"
26-09-2012,17.65,19.70,17.65,19.25,16.96,"4,461","Sep 26, 2012"
25-09-2012,17.55,19.80,17.55,19.30,17.01,"3,424","Sep 25, 2012"
24-09-2012,19.15,20.70,19.15,19.45,17.14,"4,446","Sep 24, 2012"
21-09-2012,18.00,20.35,18.00,19.55,17.23,"6,692","Sep 21, 2012"
20-09-2012,19.10,20.25,19.10,19.95,17.58,"1,138","Sep 20, 2012"
18-09-2012,20.00,20.10,19.35,20.00,17.62,"3,995","Sep 18, 2012"
17-09-2012,19.05,20.15,19.05,19.85,17.49,"7,278","Sep 17, 2012"
14-09-2012,19.10,20.70,19.10,19.90,17.54,"11,026","Sep 14, 2012"
13-09-2012,19.30,19.75,19.30,19.50,17.18,"2,673","Sep 13, 2012"
12-09-2012,19.10,20.00,19.10,19.50,17.18,"4,722","Sep 12, 2012"
11-09-2012,18.10,20.35,18.10,19.80,17.45,388,"Sep 11, 2012"
10-09-2012,18.55,20.55,18.55,20.00,17.62,"3,064","Sep 10, 2012"
08-09-2012,-,-,-,-,-,-,"Sep 08, 2012"
07-09-2012,19.20,20.75,19.20,20.45,18.02,"15,424","Sep 07, 2012"
06-09-2012,18.95,20.15,18.95,19.90,17.54,"5,459","Sep 06, 2012"
05-09-2012,18.80,20.70,18.80,19.85,17.49,"7,407","Sep 05, 2012"
04-09-2012,18.85,19.75,18.80,19.75,17.40,"18,066","Sep 04, 2012"
03-09-2012,18.05,19.50,18.05,18.85,16.61,804,"Sep 03, 2012"
31-08-2012,17.80,19.35,17.80,18.95,16.70,"1,168","Aug 31, 2012"
30-08-2012,18.10,19.45,18.10,18.60,16.39,"1,173","Aug 30, 2012"
29-08-2012,19.00,19.70,19.00,19.00,16.74,"15,903","Aug 29, 2012"
28-08-2012,19.95,20.00,19.95,20.00,17.62,"5,201","Aug 28, 2012"
27-08-2012,20.55,22.00,20.55,20.95,18.46,"4,821","Aug 27, 2012"
24-08-2012,19.95,21.95,19.95,21.95,19.34,"5,113","Aug 24, 2012"
23-08-2012,19.50,21.00,19.45,20.95,18.46,"23,218","Aug 23, 2012"
22-08-2012,18.85,20.25,18.85,20.00,17.62,"5,484","Aug 22, 2012"
21-08-2012,18.70,20.00,18.70,19.30,17.01,"5,522","Aug 21, 2012"
17-08-2012,19.90,20.15,18.70,19.15,16.88,"5,481","Aug 17, 2012"
16-08-2012,18.80,20.20,18.80,19.35,17.05,"2,810","Aug 16, 2012"
14-08-2012,19.25,20.00,19.25,19.30,17.01,993,"Aug 14, 2012"
13-08-2012,19.05,20.00,19.05,19.35,17.05,"1,693","Aug 13, 2012"
10-08-2012,20.40,20.40,19.30,19.60,17.27,"1,322","Aug 10, 2012"
09-08-2012,19.05,20.00,19.05,19.80,17.45,"2,086","Aug 09, 2012"
08-08-2012,19.00,20.70,19.00,19.95,17.58,"4,335","Aug 08, 2012"
07-08-2012,19.45,21.00,19.45,19.95,17.58,"1,468","Aug 07, 2012"
06-08-2012,19.35,20.65,19.10,20.45,18.02,"5,699","Aug 06, 2012"
03-08-2012,19.30,20.90,19.30,19.70,17.36,423,"Aug 03, 2012"
02-08-2012,21.30,21.30,19.95,20.10,17.71,302,"Aug 02, 2012"
01-08-2012,19.00,20.65,19.00,20.60,18.15,"3,357","Aug 01, 2012"
31-07-2012,19.25,20.00,19.25,19.70,17.36,"1,277","Jul 31, 2012"
30-07-2012,19.15,20.10,19.15,20.00,17.62,"6,460","Jul 30, 2012"
27-07-2012,20.00,20.60,20.00,20.05,17.67,"3,084","Jul 27, 2012"
26-07-2012,20.65,21.00,20.00,20.65,18.20,"2,019","Jul 26, 2012"
25-07-2012,21.10,21.10,20.00,20.60,18.15,"1,230","Jul 25, 2012"
24-07-2012,20.00,20.25,20.00,20.25,17.84,"1,140","Jul 24, 2012"
23-07-2012,20.05,20.50,20.00,20.45,18.02,"3,238","Jul 23, 2012"
20-07-2012,21.65,21.65,20.75,20.75,18.29,601,"Jul 20, 2012"
19-07-2012,20.00,20.95,20.00,20.65,18.20,"2,411","Jul 19, 2012"
18-07-2012,20.80,21.15,20.20,20.55,18.11,"2,620","Jul 18, 2012"
17-07-2012,22.00,22.30,21.05,21.10,18.59,"7,107","Jul 17, 2012"
16-07-2012,22.85,23.10,22.20,22.45,19.78,"4,113","Jul 16, 2012"
13-07-2012,22.60,23.70,22.00,23.15,20.40,"22,869","Jul 13, 2012"
12-07-2012,22.15,22.90,21.20,22.75,20.05,"26,221","Jul 12, 2012"
11-07-2012,22.70,23.00,21.85,22.10,19.48,"14,039","Jul 11, 2012"
10-07-2012,24.00,24.70,22.55,22.85,20.14,"43,457","Jul 10, 2012"
09-07-2012,24.15,25.15,23.65,24.05,21.19,"321,272","Jul 09, 2012"
06-07-2012,20.95,24.20,20.45,23.05,20.31,"104,115","Jul 06, 2012"
05-07-2012,19.25,21.25,18.85,20.70,18.24,"47,478","Jul 05, 2012"
04-07-2012,19.05,19.70,19.05,19.45,17.14,"1,752","Jul 04, 2012"
03-07-2012,19.00,19.50,18.75,19.40,17.10,"3,776","Jul 03, 2012"
02-07-2012,19.15,19.25,18.80,18.95,16.70,"3,145","Jul 02, 2012"
29-06-2012,19.00,19.95,19.00,19.10,16.83,"7,235","Jun 29, 2012"
28-06-2012,19.00,19.40,18.90,18.90,16.66,"2,332","Jun 28, 2012"
27-06-2012,18.90,19.80,18.80,19.05,16.79,"6,760","Jun 27, 2012"
26-06-2012,19.05,19.05,18.60,19.00,16.74,"2,355","Jun 26, 2012"
25-06-2012,19.05,19.95,18.90,19.10,16.83,"3,515","Jun 25, 2012"
22-06-2012,20.00,20.45,19.05,19.35,17.05,"14,521","Jun 22, 2012"
21-06-2012,18.30,20.10,18.25,19.80,17.45,"88,228","Jun 21, 2012"
20-06-2012,18.00,18.40,17.35,17.55,15.47,"4,888","Jun 20, 2012"
19-06-2012,18.60,18.60,17.90,18.10,15.95,"5,228","Jun 19, 2012"
18-06-2012,19.35,21.00,17.80,18.50,16.30,"5,950","Jun 18, 2012"
15-06-2012,17.95,18.00,17.75,17.75,15.64,"1,944","Jun 15, 2012"
14-06-2012,17.95,18.00,17.70,17.90,15.77,"4,638","Jun 14, 2012"
13-06-2012,17.55,18.15,17.55,17.95,15.82,"2,521","Jun 13, 2012"
12-06-2012,17.80,18.20,17.60,17.70,15.60,"5,932","Jun 12, 2012"
11-06-2012,18.00,18.30,18.00,18.10,15.95,"1,478","Jun 11, 2012"
08-06-2012,18.20,18.45,17.60,17.95,15.82,"1,876","Jun 08, 2012"
07-06-2012,18.30,18.80,17.80,18.55,16.35,"6,876","Jun 07, 2012"
06-06-2012,17.90,19.20,17.20,18.55,16.35,"9,853","Jun 06, 2012"
05-06-2012,18.00,18.10,17.50,18.05,15.91,"9,533","Jun 05, 2012"
04-06-2012,19.40,19.40,17.80,18.10,15.95,"10,115","Jun 04, 2012"
01-06-2012,16.00,19.35,16.00,18.95,16.70,"93,321","Jun 01, 2012"
31-05-2012,16.65,16.80,16.15,16.15,14.23,105,"May 31, 2012"
30-05-2012,16.65,16.85,16.25,16.40,14.45,"4,786","May 30, 2012"
29-05-2012,16.70,16.70,15.55,16.20,14.28,"2,725","May 29, 2012"
28-05-2012,16.75,16.75,14.65,15.75,13.88,"11,389","May 28, 2012"
25-05-2012,16.20,16.85,16.10,16.35,14.41,"4,153","May 25, 2012"
24-05-2012,16.10,16.50,16.00,16.20,14.28,"4,820","May 24, 2012"
23-05-2012,16.20,16.90,16.20,16.25,14.32,915,"May 23, 2012"
22-05-2012,16.90,16.95,16.30,16.65,14.67,"5,657","May 22, 2012"
21-05-2012,16.05,16.70,16.05,16.40,14.45,899,"May 21, 2012"
18-05-2012,16.85,16.90,16.00,16.20,14.28,529,"May 18, 2012"
17-05-2012,16.90,17.40,16.50,16.50,14.54,"3,549","May 17, 2012"
16-05-2012,17.30,17.35,16.00,16.40,14.45,"3,116","May 16, 2012"
15-05-2012,16.90,17.40,16.90,17.35,15.29,523,"May 15, 2012"
14-05-2012,16.25,17.60,16.25,17.60,15.51,8,"May 14, 2012"
11-05-2012,17.00,17.20,16.00,17.05,15.02,"6,824","May 11, 2012"
10-05-2012,17.15,17.70,17.15,17.35,15.29,"3,827","May 10, 2012"
09-05-2012,17.15,17.80,17.15,17.40,15.33,"3,581","May 09, 2012"
08-05-2012,17.60,18.05,17.35,17.50,15.42,"2,921","May 08, 2012"
07-05-2012,17.50,18.60,17.05,17.75,15.64,"6,868","May 07, 2012"
04-05-2012,18.00,18.25,17.50,17.75,15.64,"3,007","May 04, 2012"
03-05-2012,18.25,18.25,18.20,18.20,16.04,"1,929","May 03, 2012"
02-05-2012,18.30,18.50,18.30,18.35,16.17,"8,818","May 02, 2012"
30-04-2012,18.35,18.80,18.10,18.30,16.13,"5,442","Apr 30, 2012"
27-04-2012,19.30,19.30,18.20,18.25,16.08,"2,035","Apr 27, 2012"
26-04-2012,19.90,19.95,18.55,18.70,16.48,"7,478","Apr 26, 2012"
25-04-2012,18.25,18.80,18.10,18.55,16.35,"6,119","Apr 25, 2012"
24-04-2012,18.75,19.70,18.15,18.50,16.30,"5,494","Apr 24, 2012"
23-04-2012,18.25,18.70,18.25,18.45,16.26,"5,528","Apr 23, 2012"
20-04-2012,18.80,18.85,18.40,18.75,16.52,"5,608","Apr 20, 2012"
19-04-2012,18.75,19.50,18.10,18.70,16.48,"26,606","Apr 19, 2012"
18-04-2012,18.70,18.70,18.20,18.30,16.13,"15,029","Apr 18, 2012"
17-04-2012,18.70,18.90,18.35,18.35,16.17,"3,638","Apr 17, 2012"
16-04-2012,17.80,18.50,17.20,18.45,16.26,"12,383","Apr 16, 2012"
13-04-2012,18.40,18.70,18.20,18.30,16.13,"2,666","Apr 13, 2012"
12-04-2012,18.35,18.80,17.65,18.55,16.35,"61,734","Apr 12, 2012"
11-04-2012,18.95,18.95,17.80,18.00,15.86,"17,576","Apr 11, 2012"
10-04-2012,18.50,18.95,18.15,18.90,16.66,"4,570","Apr 10, 2012"
09-04-2012,18.70,19.00,18.30,18.75,16.52,611,"Apr 09, 2012"
04-04-2012,18.85,19.05,18.40,18.90,16.66,"3,672","Apr 04, 2012"
03-04-2012,19.10,19.20,18.70,18.85,16.61,"32,568","Apr 03, 2012"
02-04-2012,19.00,19.00,18.60,18.90,16.66,"13,740","Apr 02, 2012"
30-03-2012,19.00,19.50,18.90,19.05,16.79,"1,500","Mar 30, 2012"
29-03-2012,18.75,19.00,18.35,18.80,16.57,"2,243","Mar 29, 2012"
28-03-2012,19.10,19.55,18.55,19.00,16.74,"16,865","Mar 28, 2012"
27-03-2012,20.40,20.40,19.05,19.30,17.01,"4,271","Mar 27, 2012"
26-03-2012,19.15,19.80,19.15,19.55,17.23,"4,101","Mar 26, 2012"
23-03-2012,19.20,20.00,19.20,19.95,17.58,"2,786","Mar 23, 2012"
22-03-2012,19.60,20.30,19.60,19.70,17.36,"1,401","Mar 22, 2012"
21-03-2012,20.35,20.35,19.90,20.10,17.71,"2,345","Mar 21, 2012"
20-03-2012,19.45,20.20,19.45,19.75,17.40,"3,840","Mar 20, 2012"
19-03-2012,19.80,21.00,18.15,19.25,16.96,"4,521","Mar 19, 2012"
16-03-2012,20.00,20.30,19.60,20.05,17.67,"2,647","Mar 16, 2012"
15-03-2012,20.40,20.40,19.90,20.20,17.80,"1,747","Mar 15, 2012"
14-03-2012,20.15,20.65,19.00,19.60,17.27,"9,301","Mar 14, 2012"
13-03-2012,20.80,20.80,19.90,20.15,17.76,"1,720","Mar 13, 2012"
12-03-2012,21.00,21.00,19.75,20.10,17.71,"3,261","Mar 12, 2012"
09-03-2012,19.20,20.70,19.00,20.00,17.62,"4,431","Mar 09, 2012"
07-03-2012,20.05,20.25,19.45,19.55,17.23,"12,159","Mar 07, 2012"
06-03-2012,20.95,21.70,20.05,20.35,17.93,"8,470","Mar 06, 2012"
05-03-2012,21.70,21.85,20.60,21.10,18.59,"5,699","Mar 05, 2012"
03-03-2012,-,-,-,-,-,-,"Mar 03, 2012"
02-03-2012,20.50,21.65,20.10,21.50,18.95,"17,159","Mar 02, 2012"
01-03-2012,20.10,21.00,20.00,20.75,18.29,"7,202","Mar 01, 2012"
29-02-2012,21.85,21.85,20.15,20.25,17.84,"7,818","Feb 29, 2012"
28-02-2012,20.75,20.90,20.30,20.85,18.37,"5,132","Feb 28, 2012"
27-02-2012,20.40,20.45,19.50,19.65,17.32,"12,217","Feb 27, 2012"
24-02-2012,21.75,21.75,19.60,19.95,17.58,"8,827","Feb 24, 2012"
23-02-2012,21.00,21.40,20.25,20.60,18.15,"5,112","Feb 23, 2012"
22-02-2012,22.10,22.40,21.00,21.30,18.77,"16,627","Feb 22, 2012"
21-02-2012,20.95,22.40,20.90,21.90,19.30,"12,354","Feb 21, 2012"
17-02-2012,21.50,22.50,21.00,21.15,18.64,"6,251","Feb 17, 2012"
16-02-2012,21.00,22.95,20.60,21.65,19.08,"12,530","Feb 16, 2012"
15-02-2012,20.00,21.45,19.60,21.30,18.77,"26,406","Feb 15, 2012"
14-02-2012,20.20,20.20,19.60,20.05,17.67,"4,107","Feb 14, 2012"
13-02-2012,20.00,20.00,19.50,19.70,17.36,"3,803","Feb 13, 2012"
10-02-2012,20.85,21.50,18.80,19.90,17.54,"36,601","Feb 10, 2012"
09-02-2012,20.50,22.45,20.50,20.85,18.37,"17,176","Feb 09, 2012"
08-02-2012,19.15,21.00,19.15,20.40,17.98,"20,029","Feb 08, 2012"
07-02-2012,20.00,20.00,19.35,19.45,17.14,"7,401","Feb 07, 2012"
06-02-2012,23.40,23.45,19.50,19.85,17.49,"9,731","Feb 06, 2012"
03-02-2012,19.90,19.90,19.30,19.65,17.32,"11,696","Feb 03, 2012"
02-02-2012,19.45,19.45,19.25,19.40,17.10,"4,210","Feb 02, 2012"
01-02-2012,19.50,19.50,18.55,19.25,16.96,"4,455","Feb 01, 2012"
31-01-2012,19.00,19.60,18.20,18.50,16.30,"51,673","Jan 31, 2012"
30-01-2012,19.60,20.05,19.25,19.35,17.05,"14,160","Jan 30, 2012"
27-01-2012,20.35,20.90,19.65,20.35,17.93,"24,123","Jan 27, 2012"
25-01-2012,19.50,20.40,19.40,20.40,17.98,"1,307","Jan 25, 2012"
24-01-2012,19.85,20.25,19.85,20.25,17.84,"2,417","Jan 24, 2012"
23-01-2012,20.00,20.20,19.65,19.95,17.58,"4,305","Jan 23, 2012"
20-01-2012,20.00,20.10,19.30,19.45,17.14,"7,058","Jan 20, 2012"
19-01-2012,20.25,20.25,19.50,19.60,17.27,"6,259","Jan 19, 2012"
18-01-2012,19.90,20.30,19.80,20.00,17.62,"2,868","Jan 18, 2012"
17-01-2012,19.20,20.40,19.20,20.00,17.62,"8,458","Jan 17, 2012"
16-01-2012,18.90,19.60,18.60,19.25,16.96,"5,780","Jan 16, 2012"
13-01-2012,19.10,19.60,19.10,19.45,17.14,"6,035","Jan 13, 2012"
12-01-2012,19.20,19.55,19.10,19.30,17.01,"8,376","Jan 12, 2012"
11-01-2012,19.25,19.65,18.80,19.00,16.74,"26,054","Jan 11, 2012"
10-01-2012,19.45,19.50,18.75,19.05,16.79,"13,200","Jan 10, 2012"
09-01-2012,19.85,19.85,18.60,19.00,16.74,"12,261","Jan 09, 2012"
07-01-2012,-,-,-,-,-,-,"Jan 07, 2012"
06-01-2012,19.25,19.75,19.10,19.50,17.18,"2,569","Jan 06, 2012"
05-01-2012,19.10,19.90,19.10,19.70,17.36,"7,006","Jan 05, 2012"
04-01-2012,19.20,19.20,18.90,18.95,16.70,"6,344","Jan 04, 2012"
03-01-2012,19.95,20.20,18.00,18.90,16.66,"34,409","Jan 03, 2012"
02-01-2012,19.45,19.95,18.80,19.40,17.10,"4,828","Jan 02, 2012"
30-12-2011,18.00,19.15,18.00,19.00,16.74,"2,489","Dec 30, 2011"
29-12-2011,18.05,19.05,18.05,18.75,16.52,"2,974","Dec 29, 2011"
28-12-2011,18.95,19.40,18.80,19.15,16.88,"2,312","Dec 28, 2011"
27-12-2011,19.15,19.65,19.00,19.10,16.83,"5,460","Dec 27, 2011"
26-12-2011,20.90,20.95,19.10,19.30,17.01,"9,819","Dec 26, 2011"
23-12-2011,19.25,19.95,19.25,19.45,17.14,"1,342","Dec 23, 2011"
22-12-2011,19.20,19.50,19.20,19.20,16.92,644,"Dec 22, 2011"
21-12-2011,19.30,20.50,19.30,19.80,17.45,"7,103","Dec 21, 2011"
20-12-2011,19.05,19.35,18.10,19.00,16.74,"3,406","Dec 20, 2011"
19-12-2011,21.95,22.00,17.55,19.30,17.01,"16,992","Dec 19, 2011"
16-12-2011,19.30,19.30,17.80,18.35,16.17,"12,469","Dec 16, 2011"
15-12-2011,19.00,19.50,17.55,18.70,16.48,"11,370","Dec 15, 2011"
14-12-2011,20.00,20.35,19.20,19.30,17.01,"1,784","Dec 14, 2011"
13-12-2011,19.00,20.20,19.00,20.15,17.76,"5,348","Dec 13, 2011"
12-12-2011,19.25,20.20,19.25,19.80,17.45,"3,627","Dec 12, 2011"
09-12-2011,20.10,20.20,19.90,20.05,17.67,"3,956","Dec 09, 2011"
08-12-2011,20.10,20.35,19.90,20.00,17.62,"1,627","Dec 08, 2011"
07-12-2011,20.70,20.70,20.20,20.25,17.84,"4,904","Dec 07, 2011"
05-12-2011,22.00,22.00,20.05,20.40,17.98,"1,907","Dec 05, 2011"
02-12-2011,20.15,21.00,20.15,20.50,18.07,"4,947","Dec 02, 2011"
01-12-2011,20.95,21.25,20.35,20.50,18.07,"3,641","Dec 01, 2011"
30-11-2011,20.25,20.95,20.00,20.20,17.80,"4,062","Nov 30, 2011"
29-11-2011,20.75,21.45,20.20,20.20,17.80,"1,002","Nov 29, 2011"
28-11-2011,19.50,21.70,19.25,20.60,18.15,"20,810","Nov 28, 2011"
25-11-2011,20.85,20.85,20.00,20.00,17.62,"2,171","Nov 25, 2011"
24-11-2011,20.00,20.35,20.00,20.25,17.84,"3,755","Nov 24, 2011"
23-11-2011,20.05,21.50,19.80,20.10,17.71,"8,969","Nov 23, 2011"
22-11-2011,16.60,21.85,16.60,20.80,18.33,"5,118","Nov 22, 2011"
21-11-2011,20.50,21.30,20.50,20.75,18.29,"1,515","Nov 21, 2011"
18-11-2011,21.10,22.00,21.00,21.45,18.90,"10,157","Nov 18, 2011"
17-11-2011,22.10,22.65,22.00,22.05,19.43,"3,648","Nov 17, 2011"
16-11-2011,22.10,23.00,22.00,22.10,19.48,"20,667","Nov 16, 2011"
15-11-2011,22.50,23.00,22.40,22.95,20.22,"6,833","Nov 15, 2011"
14-11-2011,23.65,23.65,22.50,22.75,20.05,"5,823","Nov 14, 2011"
11-11-2011,24.50,24.50,22.50,23.05,20.31,"22,019","Nov 11, 2011"
09-11-2011,25.00,27.00,25.00,25.50,22.47,"18,430","Nov 09, 2011"
08-11-2011,24.90,24.95,24.10,24.90,21.94,"1,903","Nov 08, 2011"
04-11-2011,24.95,24.95,24.25,24.80,21.85,"7,373","Nov 04, 2011"
03-11-2011,24.30,24.40,24.00,24.20,21.33,"2,222","Nov 03, 2011"
02-11-2011,24.15,24.65,24.10,24.30,21.41,"6,560","Nov 02, 2011"
01-11-2011,25.95,25.95,24.35,24.40,21.50,"2,834","Nov 01, 2011"
31-10-2011,23.55,25.50,23.55,25.20,22.21,"7,146","Oct 31, 2011"
28-10-2011,25.00,25.20,24.10,24.50,21.59,"3,641","Oct 28, 2011"
25-10-2011,23.15,24.80,23.15,24.25,21.37,139,"Oct 25, 2011"
24-10-2011,24.00,24.50,24.00,24.00,21.15,"3,877","Oct 24, 2011"
21-10-2011,22.55,27.60,22.55,24.65,21.72,"14,610","Oct 21, 2011"
20-10-2011,23.00,24.20,22.50,23.30,20.53,648,"Oct 20, 2011"
19-10-2011,24.00,24.80,23.30,23.95,21.11,"5,319","Oct 19, 2011"
18-10-2011,22.50,23.95,22.50,23.75,20.93,980,"Oct 18, 2011"
17-10-2011,22.50,24.50,22.50,24.40,21.50,"3,552","Oct 17, 2011"
14-10-2011,23.00,24.00,23.00,23.80,20.97,"1,935","Oct 14, 2011"
13-10-2011,23.55,23.90,23.40,23.50,20.71,"2,560","Oct 13, 2011"
12-10-2011,23.05,24.10,23.05,24.00,21.15,"2,832","Oct 12, 2011"
11-10-2011,24.45,24.45,23.65,24.10,21.24,"2,706","Oct 11, 2011"
10-10-2011,22.60,24.50,22.60,24.05,21.19,"6,386","Oct 10, 2011"
07-10-2011,24.15,24.15,22.10,23.35,20.58,"8,806","Oct 07, 2011"
05-10-2011,24.80,24.80,22.50,22.60,19.92,"7,149","Oct 05, 2011"
04-10-2011,22.00,24.75,22.00,23.05,20.31,"1,716","Oct 04, 2011"
03-10-2011,22.00,23.70,22.00,23.30,20.53,"6,885","Oct 03, 2011"
30-09-2011,23.35,23.90,23.15,23.45,20.66,"6,658","Sep 30, 2011"
29-09-2011,22.55,24.70,22.55,24.10,21.24,"12,004","Sep 29, 2011"
28-09-2011,23.05,23.80,23.05,23.35,20.58,"10,321","Sep 28, 2011"
27-09-2011,23.10,24.30,23.10,23.95,21.11,"2,202","Sep 27, 2011"
26-09-2011,24.30,24.90,23.05,23.50,20.71,"14,793","Sep 26, 2011"
23-09-2011,23.55,24.75,23.55,24.35,21.46,"4,386","Sep 23, 2011"
22-09-2011,24.60,25.90,24.10,24.25,21.37,"9,231","Sep 22, 2011"
21-09-2011,25.70,27.25,24.85,25.25,22.25,"18,443","Sep 21, 2011"
21-09-2011,1 Dividend,,,,,,"Sep 21, 2011"
20-09-2011,26.10,27.40,26.10,26.55,22.52,"6,387","Sep 20, 2011"
19-09-2011,25.60,27.50,25.60,26.85,22.77,"11,729","Sep 19, 2011"
16-09-2011,28.00,28.50,26.55,26.65,22.60,"19,810","Sep 16, 2011"
15-09-2011,26.00,27.70,26.00,27.30,23.15,"18,533","Sep 15, 2011"
14-09-2011,25.60,26.15,25.50,25.80,21.88,"7,512","Sep 14, 2011"
13-09-2011,25.00,26.40,25.00,25.60,21.71,"21,335","Sep 13, 2011"
12-09-2011,24.25,25.40,24.25,25.20,21.37,"6,358","Sep 12, 2011"
09-09-2011,24.95,26.50,24.95,25.00,21.20,"30,230","Sep 09, 2011"
08-09-2011,25.25,25.45,23.80,24.25,20.56,"35,447","Sep 08, 2011"
07-09-2011,23.55,25.25,23.55,24.65,20.90,"14,650","Sep 07, 2011"
06-09-2011,23.50,24.50,23.50,24.15,20.48,"6,629","Sep 06, 2011"
05-09-2011,23.60,24.50,23.55,23.75,20.14,"7,601","Sep 05, 2011"
02-09-2011,24.10,25.00,23.75,24.00,20.35,"4,931","Sep 02, 2011"
30-08-2011,24.75,25.80,23.50,24.05,20.40,"10,565","Aug 30, 2011"
29-08-2011,25.00,25.00,23.95,24.50,20.78,"9,714","Aug 29, 2011"
26-08-2011,24.60,25.50,24.05,24.25,20.56,"11,753","Aug 26, 2011"
25-08-2011,24.50,25.90,24.50,24.70,20.95,"9,648","Aug 25, 2011"
24-08-2011,25.00,25.95,24.60,25.30,21.46,"13,465","Aug 24, 2011"
23-08-2011,25.40,25.40,24.60,24.85,21.07,"5,249","Aug 23, 2011"
22-08-2011,25.00,25.20,24.15,24.75,20.99,"3,507","Aug 22, 2011"
19-08-2011,24.00,24.75,23.40,24.25,20.56,"6,351","Aug 19, 2011"
18-08-2011,25.50,25.85,24.50,24.60,20.86,"20,852","Aug 18, 2011"
17-08-2011,24.80,25.55,24.80,25.00,21.20,"17,556","Aug 17, 2011"
16-08-2011,26.30,26.65,25.30,25.80,21.88,"25,862","Aug 16, 2011"
12-08-2011,27.10,29.00,27.10,27.45,23.28,"19,368","Aug 12, 2011"
11-08-2011,27.00,29.90,26.20,27.30,23.15,"134,838","Aug 11, 2011"
10-08-2011,27.35,27.50,25.60,27.20,23.07,"11,907","Aug 10, 2011"
09-08-2011,25.50,26.25,23.75,25.90,21.96,"17,794","Aug 09, 2011"
08-08-2011,24.65,27.75,24.30,25.40,21.54,"20,329","Aug 08, 2011"
05-08-2011,25.55,27.90,25.25,25.60,21.71,"22,761","Aug 05, 2011"
04-08-2011,26.55,27.90,26.55,27.10,22.98,"1,159","Aug 04, 2011"
03-08-2011,26.00,28.00,26.00,27.55,23.36,"16,136","Aug 03, 2011"
02-08-2011,27.00,28.25,26.85,27.55,23.36,"16,378","Aug 02, 2011"
01-08-2011,27.00,28.85,27.00,28.25,23.96,"13,731","Aug 01, 2011"
29-07-2011,27.15,28.40,27.15,28.00,23.74,"4,623","Jul 29, 2011"
28-07-2011,27.40,28.70,27.40,28.10,23.83,"7,142","Jul 28, 2011"
27-07-2011,27.40,29.00,27.40,28.40,24.08,"2,221","Jul 27, 2011"
26-07-2011,28.90,29.10,28.55,28.75,24.38,"3,824","Jul 26, 2011"
25-07-2011,28.05,29.25,28.05,28.65,24.30,"9,080","Jul 25, 2011"
22-07-2011,28.10,29.30,28.10,28.50,24.17,"8,958","Jul 22, 2011"
21-07-2011,27.70,28.90,27.70,28.45,24.13,"3,571","Jul 21, 2011"
20-07-2011,29.50,30.00,28.25,28.30,24.00,"17,868","Jul 20, 2011"
19-07-2011,27.10,29.25,27.10,28.90,24.51,"19,656","Jul 19, 2011"
18-07-2011,28.35,28.85,28.25,28.30,24.00,"2,401","Jul 18, 2011"
15-07-2011,28.05,28.90,28.05,28.85,24.47,"3,181","Jul 15, 2011"
14-07-2011,27.20,29.00,27.20,28.45,24.13,"7,131","Jul 14, 2011"
13-07-2011,29.00,29.00,27.95,28.70,24.34,"6,901","Jul 13, 2011"
12-07-2011,28.20,29.00,28.20,28.50,24.17,"13,256","Jul 12, 2011"
11-07-2011,27.10,29.50,27.10,29.00,24.59,"16,157","Jul 11, 2011"
08-07-2011,26.00,28.80,26.00,28.10,23.83,"16,443","Jul 08, 2011"
07-07-2011,27.00,28.85,27.00,28.40,24.08,"10,478","Jul 07, 2011"
06-07-2011,29.20,29.20,28.00,28.15,23.87,"14,096","Jul 06, 2011"
05-07-2011,28.80,29.95,28.80,29.00,24.59,"4,013","Jul 05, 2011"
04-07-2011,28.20,30.20,28.20,29.70,25.19,"20,510","Jul 04, 2011"
01-07-2011,28.50,29.00,28.20,28.35,24.04,"11,232","Jul 01, 2011"
30-06-2011,28.05,29.05,27.80,28.30,24.00,"6,380","Jun 30, 2011"
29-06-2011,28.10,29.05,28.10,28.80,24.42,"5,588","Jun 29, 2011"
28-06-2011,29.00,30.00,29.00,29.05,24.64,"4,605","Jun 28, 2011"
27-06-2011,28.00,31.30,28.00,29.65,25.14,"50,080","Jun 27, 2011"
24-06-2011,26.00,30.00,25.20,29.10,24.68,"54,574","Jun 24, 2011"
23-06-2011,25.10,27.45,25.10,26.90,22.81,"18,030","Jun 23, 2011"
22-06-2011,26.00,27.25,26.00,26.20,22.22,"6,006","Jun 22, 2011"
21-06-2011,26.60,29.25,26.60,27.05,22.94,"14,263","Jun 21, 2011"
20-06-2011,29.25,30.00,27.45,27.65,23.45,"21,718","Jun 20, 2011"
17-06-2011,29.00,30.00,29.00,29.35,24.89,"13,345","Jun 17, 2011"
16-06-2011,29.50,30.20,29.50,29.85,25.31,"8,193","Jun 16, 2011"
15-06-2011,30.05,30.50,30.00,30.05,25.48,"9,930","Jun 15, 2011"
14-06-2011,31.05,31.45,30.10,30.45,25.82,"28,397","Jun 14, 2011"
13-06-2011,33.50,33.50,26.00,30.10,25.53,"154,238","Jun 13, 2011"
10-06-2011,30.95,32.80,30.30,32.15,27.26,"60,178","Jun 10, 2011"
09-06-2011,30.20,30.75,30.20,30.50,25.87,"17,279","Jun 09, 2011"
08-06-2011,30.10,31.25,30.10,30.60,25.95,"16,586","Jun 08, 2011"
07-06-2011,30.15,30.55,30.15,30.40,25.78,"9,511","Jun 07, 2011"
06-06-2011,30.10,30.85,30.10,30.40,25.78,"7,998","Jun 06, 2011"
03-06-2011,30.50,31.25,30.20,30.30,25.70,"41,520","Jun 03, 2011"
02-06-2011,30.35,31.05,30.30,30.40,25.78,"16,833","Jun 02, 2011"
01-06-2011,31.00,31.85,30.30,30.75,26.08,"28,688","Jun 01, 2011"
31-05-2011,30.45,31.50,30.45,31.20,26.46,"9,524","May 31, 2011"
30-05-2011,32.20,32.20,30.80,31.00,26.29,"19,185","May 30, 2011"
27-05-2011,31.85,32.35,31.15,31.55,26.76,"17,738","May 27, 2011"
26-05-2011,33.10,33.15,31.60,31.85,27.01,"35,464","May 26, 2011"
25-05-2011,32.75,32.75,32.10,32.25,27.35,"20,485","May 25, 2011"
24-05-2011,32.50,33.00,31.95,32.80,27.82,"21,113","May 24, 2011"
23-05-2011,32.95,33.35,32.05,32.45,27.52,"41,537","May 23, 2011"
20-05-2011,31.00,34.95,31.00,33.45,28.37,"39,021","May 20, 2011"
19-05-2011,32.45,33.00,31.75,32.00,27.14,"15,689","May 19, 2011"
18-05-2011,32.60,33.20,32.60,32.70,27.73,"10,645","May 18, 2011"
17-05-2011,32.45,33.45,32.45,32.70,27.73,"16,986","May 17, 2011"
16-05-2011,33.10,33.80,32.80,33.40,28.32,"8,926","May 16, 2011"
13-05-2011,32.30,33.90,32.30,33.50,28.41,"20,506","May 13, 2011"
12-05-2011,33.45,34.00,32.75,33.70,28.58,"20,470","May 12, 2011"
11-05-2011,34.00,34.85,33.50,33.70,28.58,"17,808","May 11, 2011"
10-05-2011,34.20,34.20,32.75,33.35,28.28,"8,273","May 10, 2011"
09-05-2011,33.40,34.00,33.40,33.60,28.49,"6,773","May 09, 2011"
06-05-2011,33.50,34.15,32.85,33.50,28.41,"3,368","May 06, 2011"
05-05-2011,34.85,34.85,32.50,33.65,28.54,"14,977","May 05, 2011"
04-05-2011,34.00,35.30,32.75,34.20,29.00,"21,219","May 04, 2011"
03-05-2011,35.45,35.45,33.50,33.80,28.66,"18,292","May 03, 2011"
02-05-2011,36.30,36.30,34.00,34.50,29.26,"27,250","May 02, 2011"
29-04-2011,36.80,36.80,34.70,35.10,29.77,"58,497","Apr 29, 2011"
28-04-2011,37.55,38.50,36.55,36.70,31.12,"98,710","Apr 28, 2011"
27-04-2011,36.50,37.80,35.60,37.05,31.42,"157,926","Apr 27, 2011"
26-04-2011,36.00,36.90,35.60,36.50,30.95,"74,904","Apr 26, 2011"
25-04-2011,35.40,36.55,35.00,36.15,30.66,"75,946","Apr 25, 2011"
21-04-2011,37.20,37.45,34.55,35.00,29.68,"305,438","Apr 21, 2011"
20-04-2011,32.60,37.95,32.60,37.40,31.72,"868,395","Apr 20, 2011"
19-04-2011,32.50,33.70,32.50,33.05,28.03,"23,505","Apr 19, 2011"
18-04-2011,33.10,34.10,32.35,32.50,27.56,"29,802","Apr 18, 2011"
15-04-2011,34.30,34.65,33.55,33.95,28.79,"25,219","Apr 15, 2011"
13-04-2011,34.40,34.70,33.15,34.10,28.92,"12,534","Apr 13, 2011"
11-04-2011,34.65,35.70,33.80,34.20,29.00,"16,921","Apr 11, 2011"
08-04-2011,35.05,37.40,33.20,35.65,30.23,"218,376","Apr 08, 2011"
07-04-2011,30.75,34.95,30.75,34.15,28.96,"121,635","Apr 07, 2011"
06-04-2011,32.80,32.80,30.85,31.30,26.54,"21,458","Apr 06, 2011"
05-04-2011,30.80,32.45,30.65,31.90,27.05,"47,729","Apr 05, 2011"
04-04-2011,30.00,31.25,30.00,30.80,26.12,"26,413","Apr 04, 2011"
01-04-2011,29.65,29.70,28.90,29.30,24.85,"25,509","Apr 01, 2011"
31-03-2011,29.05,29.70,29.00,29.10,24.68,"14,518","Mar 31, 2011"
30-03-2011,29.70,29.90,28.30,28.95,24.55,"25,728","Mar 30, 2011"
29-03-2011,29.80,30.05,27.55,28.25,23.96,"59,590","Mar 29, 2011"
28-03-2011,29.05,29.95,29.05,29.60,25.10,"14,280","Mar 28, 2011"
25-03-2011,29.75,29.80,29.15,29.55,25.06,"14,221","Mar 25, 2011"
24-03-2011,30.00,30.20,29.70,29.75,25.23,"18,010","Mar 24, 2011"
23-03-2011,30.30,30.40,29.55,29.90,25.36,"43,621","Mar 23, 2011"
22-03-2011,30.10,30.95,30.00,30.35,25.74,"14,691","Mar 22, 2011"
21-03-2011,30.10,30.85,30.05,30.30,25.70,"10,785","Mar 21, 2011"
18-03-2011,32.50,32.95,30.10,30.40,25.78,"100,310","Mar 18, 2011"
17-03-2011,30.25,31.15,30.25,30.50,25.87,"5,012","Mar 17, 2011"
16-03-2011,29.75,31.20,29.60,30.80,26.12,"7,767","Mar 16, 2011"
15-03-2011,29.85,30.95,29.60,29.95,25.40,"8,843","Mar 15, 2011"
14-03-2011,31.90,31.90,30.10,31.00,26.29,"11,825","Mar 14, 2011"
11-03-2011,30.95,31.20,29.15,30.35,25.74,"23,761","Mar 11, 2011"
10-03-2011,31.90,31.90,30.15,30.90,26.20,"6,768","Mar 10, 2011"
09-03-2011,33.30,33.30,30.50,31.05,26.33,"57,927","Mar 09, 2011"
08-03-2011,34.50,34.50,30.20,30.95,26.25,"31,726","Mar 08, 2011"
07-03-2011,32.50,32.50,29.80,30.40,25.78,"57,047","Mar 07, 2011"
04-03-2011,33.70,33.70,31.65,32.60,27.65,"96,592","Mar 04, 2011"
03-03-2011,32.00,32.00,28.65,30.90,26.20,"10,725","Mar 03, 2011"
01-03-2011,32.00,32.00,28.25,30.25,25.65,"7,149","Mar 01, 2011"
28-02-2011,31.95,31.95,29.00,29.60,25.10,"7,078","Feb 28, 2011"
25-02-2011,28.70,30.00,28.70,29.20,24.76,"8,805","Feb 25, 2011"
24-02-2011,32.00,32.00,29.55,29.90,25.36,"10,189","Feb 24, 2011"
23-02-2011,30.50,32.40,30.35,30.80,26.12,"2,252","Feb 23, 2011"
22-02-2011,30.85,32.00,30.30,31.10,26.37,"19,565","Feb 22, 2011"
21-02-2011,31.15,33.00,31.15,32.00,27.14,"19,779","Feb 21, 2011"
18-02-2011,31.40,33.50,31.40,31.90,27.05,"9,237","Feb 18, 2011"
17-02-2011,31.50,33.55,31.50,33.00,27.99,"10,684","Feb 17, 2011"
16-02-2011,32.30,33.65,32.30,33.00,27.99,"8,374","Feb 16, 2011"
15-02-2011,31.75,33.75,31.75,33.55,28.45,"11,458","Feb 15, 2011"
14-02-2011,32.00,34.00,31.00,32.95,27.94,"13,629","Feb 14, 2011"
11-02-2011,30.90,31.90,29.20,31.25,26.50,"23,636","Feb 11, 2011"
10-02-2011,29.55,32.50,29.00,29.45,24.97,"25,153","Feb 10, 2011"
09-02-2011,31.25,32.70,30.30,30.80,26.12,"31,427","Feb 09, 2011"
08-02-2011,34.00,34.50,32.15,33.05,28.03,"26,731","Feb 08, 2011"
07-02-2011,34.50,35.90,33.20,33.45,28.37,"30,665","Feb 07, 2011"
04-02-2011,34.60,36.35,34.60,35.00,29.68,"23,630","Feb 04, 2011"
03-02-2011,34.80,35.70,34.80,34.95,29.64,"10,797","Feb 03, 2011"
02-02-2011,35.00,36.65,34.60,34.80,29.51,"17,869","Feb 02, 2011"
01-02-2011,34.50,36.70,33.85,34.15,28.96,"32,065","Feb 01, 2011"
31-01-2011,32.10,36.40,32.10,35.95,30.49,"50,343","Jan 31, 2011"
28-01-2011,36.25,37.35,34.25,34.65,29.38,"24,154","Jan 28, 2011"
27-01-2011,35.00,37.20,35.00,36.20,30.70,"12,501","Jan 27, 2011"
25-01-2011,34.50,36.95,34.50,35.45,30.06,"59,761","Jan 25, 2011"
24-01-2011,33.70,36.60,33.70,35.50,30.11,"23,615","Jan 24, 2011"
21-01-2011,34.65,34.65,33.80,34.00,28.83,"6,894","Jan 21, 2011"
20-01-2011,33.25,34.50,33.25,34.15,28.96,"9,338","Jan 20, 2011"
19-01-2011,33.20,34.50,33.20,33.65,28.54,"10,664","Jan 19, 2011"
18-01-2011,33.20,35.20,33.20,34.05,28.88,"14,010","Jan 18, 2011"
17-01-2011,33.90,36.40,33.10,33.60,28.49,"23,895","Jan 17, 2011"
14-01-2011,32.00,36.00,32.00,35.15,29.81,"11,127","Jan 14, 2011"
13-01-2011,36.00,36.75,35.25,35.65,30.23,"13,066","Jan 13, 2011"
12-01-2011,36.90,36.90,32.00,36.05,30.57,"22,430","Jan 12, 2011"
11-01-2011,30.75,37.45,30.75,35.75,30.32,"61,128","Jan 11, 2011"
10-01-2011,34.65,38.45,34.50,34.95,29.64,"173,582","Jan 10, 2011"
07-01-2011,36.70,37.70,36.10,36.25,30.74,"33,659","Jan 07, 2011"
06-01-2011,36.80,38.15,36.80,38.00,32.23,"15,681","Jan 06, 2011"
05-01-2011,37.30,38.90,37.30,37.70,31.97,"23,839","Jan 05, 2011"
04-01-2011,37.00,40.20,37.00,38.65,32.78,"23,259","Jan 04, 2011"
03-01-2011,36.00,40.50,36.00,39.35,33.37,"70,850","Jan 03, 2011"
31-12-2010,37.05,39.60,37.05,38.95,33.03,"54,718","Dec 31, 2010"
30-12-2010,36.60,38.40,36.60,38.00,32.23,"48,609","Dec 30, 2010"
29-12-2010,37.90,37.90,35.50,36.85,31.25,"36,349","Dec 29, 2010"
28-12-2010,35.10,37.45,35.10,36.95,31.33,"38,296","Dec 28, 2010"
27-12-2010,34.25,37.95,34.25,36.90,31.29,"54,623","Dec 27, 2010"
24-12-2010,35.50,36.80,35.50,36.45,30.91,"20,645","Dec 24, 2010"
23-12-2010,34.50,37.00,34.50,36.45,30.91,"24,605","Dec 23, 2010"
22-12-2010,34.55,37.70,34.55,36.50,30.95,"143,143","Dec 22, 2010"
21-12-2010,34.50,37.05,34.50,36.15,30.66,"18,888","Dec 21, 2010"
20-12-2010,37.50,37.50,34.05,35.80,30.36,"97,896","Dec 20, 2010"
16-12-2010,33.05,35.40,33.05,34.90,29.60,"23,386","Dec 16, 2010"
15-12-2010,32.60,37.00,32.60,33.50,28.41,"19,254","Dec 15, 2010"
14-12-2010,36.00,36.00,33.25,34.30,29.09,"10,732","Dec 14, 2010"
13-12-2010,33.20,35.00,33.20,34.10,28.92,"16,267","Dec 13, 2010"
10-12-2010,25.50,34.70,25.50,34.15,28.96,"134,623","Dec 10, 2010"
09-12-2010,32.40,33.80,28.90,30.05,25.48,"68,302","Dec 09, 2010"
08-12-2010,35.05,35.50,33.50,33.85,28.71,"32,269","Dec 08, 2010"
07-12-2010,35.05,36.20,35.05,35.30,29.94,"27,594","Dec 07, 2010"
06-12-2010,35.95,37.90,35.95,36.30,30.78,"46,161","Dec 06, 2010"
03-12-2010,36.75,37.70,35.70,35.90,30.44,"37,641","Dec 03, 2010"
02-12-2010,37.55,38.45,37.00,37.45,31.76,"103,340","Dec 02, 2010"
01-12-2010,37.10,38.65,37.00,37.95,32.18,"78,754","Dec 01, 2010"
30-11-2010,36.00,37.90,36.00,36.90,31.29,"60,273","Nov 30, 2010"
29-11-2010,36.90,37.70,35.80,36.50,30.95,"60,392","Nov 29, 2010"
26-11-2010,39.10,39.70,36.30,36.65,31.08,"108,994","Nov 26, 2010"
25-11-2010,40.00,41.00,38.40,38.75,32.86,"71,311","Nov 25, 2010"
24-11-2010,40.00,41.60,39.65,40.25,34.13,"156,219","Nov 24, 2010"
23-11-2010,42.15,42.40,38.00,39.95,33.88,"261,565","Nov 23, 2010"
22-11-2010,41.50,42.25,41.15,41.50,35.19,"72,302","Nov 22, 2010"
19-11-2010,46.10,46.60,40.20,41.20,34.94,"431,409","Nov 19, 2010"
18-11-2010,46.50,46.80,43.25,44.70,37.91,"846,693","Nov 18, 2010"
16-11-2010,40.05,45.90,40.05,43.85,37.19,"748,074","Nov 16, 2010"
15-11-2010,37.00,41.65,37.00,40.70,34.51,"112,027","Nov 15, 2010"
12-11-2010,41.00,41.40,39.40,39.60,33.58,"73,568","Nov 12, 2010"
11-11-2010,42.20,42.80,41.00,41.30,35.02,"49,692","Nov 11, 2010"
10-11-2010,37.50,43.10,37.50,42.20,35.79,"104,621","Nov 10, 2010"
09-11-2010,40.20,43.00,40.00,41.25,34.98,"182,083","Nov 09, 2010"
08-11-2010,41.00,41.00,39.25,39.70,33.67,"37,387","Nov 08, 2010"
04-11-2010,39.15,40.80,38.70,39.65,33.62,"33,684","Nov 04, 2010"
03-11-2010,39.00,40.70,39.00,39.10,33.16,"37,249","Nov 03, 2010"
02-11-2010,40.25,40.70,38.55,38.95,33.03,"32,960","Nov 02, 2010"
01-11-2010,39.00,40.75,39.00,40.30,34.18,"51,414","Nov 01, 2010"
29-10-2010,41.20,41.75,38.20,39.05,33.12,"76,656","Oct 29, 2010"
28-10-2010,42.70,42.80,40.70,41.25,34.98,"81,855","Oct 28, 2010"
27-10-2010,41.00,42.70,41.00,41.50,35.19,"71,651","Oct 27, 2010"
26-10-2010,44.25,44.50,41.60,41.90,35.53,"209,585","Oct 26, 2010"
25-10-2010,43.00,45.20,42.60,43.15,36.59,"543,133","Oct 25, 2010"
22-10-2010,42.30,43.45,41.60,41.85,35.49,"98,196","Oct 22, 2010"
21-10-2010,41.45,43.00,41.45,41.70,35.36,"121,529","Oct 21, 2010"
20-10-2010,41.30,43.00,41.30,42.45,36.00,"147,508","Oct 20, 2010"
19-10-2010,41.30,44.35,41.30,42.25,35.83,"183,458","Oct 19, 2010"
18-10-2010,43.00,43.65,41.10,41.50,35.19,"130,170","Oct 18, 2010"
15-10-2010,41.95,44.50,40.55,42.65,36.17,"462,240","Oct 15, 2010"
14-10-2010,43.00,43.00,39.50,40.60,34.43,"120,468","Oct 14, 2010"
13-10-2010,41.65,44.30,41.50,42.60,36.13,"463,006","Oct 13, 2010"
12-10-2010,39.20,42.40,39.20,41.05,34.81,"492,558","Oct 12, 2010"
11-10-2010,37.05,39.90,37.05,38.85,32.95,"206,794","Oct 11, 2010"
08-10-2010,36.25,37.75,36.25,37.20,31.55,"39,731","Oct 08, 2010"
07-10-2010,36.00,38.20,36.00,36.95,31.33,"66,583","Oct 07, 2010"
06-10-2010,36.00,37.20,36.00,36.80,31.21,"24,397","Oct 06, 2010"
05-10-2010,36.05,37.00,36.05,36.40,30.87,"21,932","Oct 05, 2010"
04-10-2010,36.00,39.90,36.00,36.75,31.17,"69,492","Oct 04, 2010"
01-10-2010,36.10,38.15,36.10,37.25,31.59,"31,933","Oct 01, 2010"
30-09-2010,36.80,38.00,36.55,37.25,31.59,"38,520","Sep 30, 2010"
29-09-2010,36.00,37.95,36.00,36.60,31.04,"36,672","Sep 29, 2010"
28-09-2010,37.00,38.50,37.00,37.55,31.84,"58,265","Sep 28, 2010"
27-09-2010,38.70,38.70,37.20,37.30,31.63,"38,973","Sep 27, 2010"
24-09-2010,36.25,38.70,36.25,37.95,32.18,"64,872","Sep 24, 2010"
23-09-2010,36.00,38.00,36.00,36.90,31.29,"49,612","Sep 23, 2010"
22-09-2010,38.00,38.00,36.35,36.55,31.00,"46,543","Sep 22, 2010"
21-09-2010,38.50,38.60,35.90,36.95,31.33,"83,660","Sep 21, 2010"
20-09-2010,39.00,40.00,38.30,38.75,32.86,"68,655","Sep 20, 2010"
17-09-2010,35.50,40.30,35.50,38.75,32.86,"333,242","Sep 17, 2010"
16-09-2010,36.00,37.25,35.30,36.05,30.57,"59,922","Sep 16, 2010"
15-09-2010,37.00,37.80,35.95,36.50,30.95,"89,418","Sep 15, 2010"
14-09-2010,37.05,38.50,37.00,37.25,31.59,"52,251","Sep 14, 2010"
13-09-2010,37.20,39.20,37.05,38.15,32.35,"115,858","Sep 13, 2010"
09-09-2010,37.50,38.95,36.90,37.15,31.50,"109,199","Sep 09, 2010"
08-09-2010,34.00,40.70,34.00,37.80,32.06,"79,490","Sep 08, 2010"
07-09-2010,38.00,40.50,38.00,39.30,33.33,"121,072","Sep 07, 2010"
06-09-2010,36.00,39.95,36.00,38.25,32.44,"103,892","Sep 06, 2010"
03-09-2010,39.55,40.00,38.25,38.75,32.86,"78,360","Sep 03, 2010"
02-09-2010,40.00,41.45,39.10,39.30,33.33,"110,404","Sep 02, 2010"
01-09-2010,40.50,41.45,39.60,39.80,33.75,"81,285","Sep 01, 2010"
31-08-2010,42.05,42.95,39.50,39.85,33.79,"219,159","Aug 31, 2010"
30-08-2010,41.45,43.70,39.50,41.65,35.32,"626,045","Aug 30, 2010"
27-08-2010,36.00,41.00,36.00,40.40,34.26,"427,061","Aug 27, 2010"
26-08-2010,36.00,37.95,36.00,37.25,31.59,"107,874","Aug 26, 2010"
25-08-2010,38.00,38.95,36.10,36.55,31.00,"89,105","Aug 25, 2010"
24-08-2010,39.50,40.85,38.15,38.50,32.65,"101,843","Aug 24, 2010"
23-08-2010,39.50,41.85,39.00,40.05,33.96,"487,660","Aug 23, 2010"
20-08-2010,34.30,39.15,34.30,39.10,33.16,"581,616","Aug 20, 2010"
19-08-2010,34.00,36.25,34.00,35.55,30.15,"51,250","Aug 19, 2010"
18-08-2010,34.00,35.40,34.00,34.85,29.55,"29,986","Aug 18, 2010"
17-08-2010,34.80,35.35,34.50,34.70,29.43,"49,374","Aug 17, 2010"
16-08-2010,35.00,35.50,34.50,34.65,29.38,"48,766","Aug 16, 2010"
13-08-2010,36.00,36.70,34.35,34.70,29.43,"124,838","Aug 13, 2010"
12-08-2010,34.10,35.90,33.90,35.00,29.68,"87,448","Aug 12, 2010"
11-08-2010,37.35,37.35,34.15,35.15,29.81,"107,734","Aug 11, 2010"
10-08-2010,36.70,37.50,35.15,36.50,30.95,"438,228","Aug 10, 2010"
09-08-2010,33.15,35.50,32.20,35.50,30.11,"531,033","Aug 09, 2010"
06-08-2010,32.75,33.40,32.00,32.25,27.35,"74,029","Aug 06, 2010"
05-08-2010,33.15,33.70,32.65,32.85,27.86,"53,311","Aug 05, 2010"
04-08-2010,32.70,33.50,32.00,33.00,27.99,"104,882","Aug 04, 2010"
03-08-2010,33.75,34.60,32.15,32.75,27.77,"189,543","Aug 03, 2010"
02-08-2010,32.40,33.05,32.15,32.85,27.86,"112,675","Aug 02, 2010"
30-07-2010,31.30,33.05,31.10,31.90,27.05,"205,153","Jul 30, 2010"
29-07-2010,29.20,31.60,29.20,31.05,26.33,"112,428","Jul 29, 2010"
28-07-2010,29.65,29.85,28.40,29.25,24.80,"37,778","Jul 28, 2010"
27-07-2010,28.00,29.00,28.00,28.75,24.38,"22,674","Jul 27, 2010"
26-07-2010,29.00,30.65,28.50,28.95,24.55,"11,702","Jul 26, 2010"
23-07-2010,30.30,31.40,29.15,29.45,24.97,"59,358","Jul 23, 2010"
22-07-2010,28.50,30.50,28.35,30.25,25.65,"105,625","Jul 22, 2010"
21-07-2010,28.00,29.50,28.00,28.50,24.17,"42,245","Jul 21, 2010"
20-07-2010,28.00,29.00,28.00,28.05,23.79,"16,520","Jul 20, 2010"
19-07-2010,28.50,28.90,27.50,28.25,23.96,"17,134","Jul 19, 2010"
16-07-2010,28.85,29.05,28.50,28.65,24.30,"18,068","Jul 16, 2010"
15-07-2010,29.30,29.45,28.80,29.10,24.68,"28,110","Jul 15, 2010"
14-07-2010,28.00,29.30,28.00,29.05,24.64,"140,973","Jul 14, 2010"
13-07-2010,28.00,28.35,26.70,27.70,23.49,"19,898","Jul 13, 2010"
12-07-2010,28.10,28.90,27.65,27.90,23.66,"54,000","Jul 12, 2010"
09-07-2010,29.15,30.45,27.35,27.60,23.41,"329,690","Jul 09, 2010"
08-07-2010,29.10,30.00,28.10,28.55,24.21,"53,328","Jul 08, 2010"
07-07-2010,27.60,29.45,27.05,28.65,24.30,"89,458","Jul 07, 2010"
06-07-2010,28.70,28.90,27.30,27.70,23.49,"50,721","Jul 06, 2010"
05-07-2010,29.85,30.00,28.30,28.75,24.38,"133,144","Jul 05, 2010"
02-07-2010,25.05,30.60,25.00,30.05,25.48,"758,705","Jul 02, 2010"
01-07-2010,24.00,26.50,23.10,25.50,21.62,"255,639","Jul 01, 2010"
30-06-2010,22.00,24.45,22.00,23.50,19.93,"61,005","Jun 30, 2010"
29-06-2010,22.30,23.35,21.35,22.45,19.04,"24,820","Jun 29, 2010"
28-06-2010,22.50,23.65,22.00,23.10,19.59,"29,233","Jun 28, 2010"
25-06-2010,23.10,23.10,22.45,22.70,19.25,"12,949","Jun 25, 2010"
24-06-2010,23.60,24.00,23.00,23.25,19.72,"62,091","Jun 24, 2010"
23-06-2010,20.00,23.90,20.00,23.30,19.76,"274,448","Jun 23, 2010"
22-06-2010,19.15,20.95,19.15,20.70,17.55,"35,256","Jun 22, 2010"
21-06-2010,21.50,21.50,20.30,20.55,17.43,"33,180","Jun 21, 2010"
18-06-2010,21.60,21.90,20.25,21.05,17.85,"95,228","Jun 18, 2010"
17-06-2010,22.80,24.80,21.10,21.50,18.23,"368,275","Jun 17, 2010"
16-06-2010,17.10,21.60,17.10,21.60,18.32,"346,266","Jun 16, 2010"
15-06-2010,18.45,18.50,17.65,18.00,15.26,"12,386","Jun 15, 2010"
14-06-2010,17.95,18.15,17.05,17.75,15.05,"14,366","Jun 14, 2010"
11-06-2010,17.30,17.45,17.30,17.40,14.76,"7,610","Jun 11, 2010"
10-06-2010,16.75,17.55,16.75,17.10,14.50,"1,750","Jun 10, 2010"
09-06-2010,17.60,17.95,17.00,17.10,14.50,"2,027","Jun 09, 2010"
08-06-2010,18.30,18.30,17.50,17.50,14.84,"3,303","Jun 08, 2010"
07-06-2010,17.35,17.60,17.25,17.25,14.63,"7,600","Jun 07, 2010"
04-06-2010,18.00,18.30,17.75,18.30,15.52,483,"Jun 04, 2010"
03-06-2010,18.40,18.65,18.25,18.50,15.69,"4,614","Jun 03, 2010"
02-06-2010,18.50,18.75,18.15,18.15,15.39,"2,340","Jun 02, 2010"
01-06-2010,18.85,19.40,18.50,18.85,15.99,"4,316","Jun 01, 2010"
31-05-2010,18.80,19.95,18.20,19.05,16.16,"20,084","May 31, 2010"
28-05-2010,16.40,18.30,16.40,18.00,15.26,"15,725","May 28, 2010"
27-05-2010,16.35,17.30,16.35,16.80,14.25,"5,733","May 27, 2010"
26-05-2010,16.90,17.15,16.30,16.45,13.95,"2,282","May 26, 2010"
25-05-2010,16.70,16.95,16.00,16.30,13.82,"4,413","May 25, 2010"
24-05-2010,19.05,19.05,16.70,17.05,14.46,"5,845","May 24, 2010"
21-05-2010,15.50,18.00,15.50,16.90,14.33,"8,217","May 21, 2010"
20-05-2010,16.20,16.55,16.20,16.25,13.78,750,"May 20, 2010"
19-05-2010,17.00,17.00,16.00,16.45,13.95,"3,655","May 19, 2010"
18-05-2010,16.70,17.00,16.70,16.90,14.33,"9,904","May 18, 2010"
17-05-2010,15.35,16.95,15.35,16.95,14.37,"11,583","May 17, 2010"
14-05-2010,17.00,18.10,17.00,17.15,14.54,"16,406","May 14, 2010"
13-05-2010,17.40,18.00,17.40,17.60,14.93,"5,133","May 13, 2010"
12-05-2010,17.80,18.45,17.50,17.55,14.88,"5,870","May 12, 2010"
11-05-2010,17.30,18.50,17.00,18.15,15.39,"35,008","May 11, 2010"
10-05-2010,16.65,17.55,16.65,17.20,14.59,"16,265","May 10, 2010"
07-05-2010,16.10,18.00,16.00,17.00,14.42,"16,622","May 07, 2010"
06-05-2010,17.70,17.75,17.05,17.40,14.76,"2,532","May 06, 2010"
05-05-2010,16.95,17.35,16.60,17.05,14.46,"6,121","May 05, 2010"
04-05-2010,19.50,19.50,16.75,17.05,14.46,"53,295","May 04, 2010"
03-05-2010,17.45,19.05,17.45,18.60,15.77,"67,708","May 03, 2010"
30-04-2010,16.90,17.75,16.00,17.30,14.67,"39,113","Apr 30, 2010"
29-04-2010,16.00,16.50,15.50,16.40,13.91,"5,576","Apr 29, 2010"
28-04-2010,15.70,15.85,15.55,15.85,13.44,753,"Apr 28, 2010"
27-04-2010,15.20,16.00,15.20,15.75,13.36,"3,539","Apr 27, 2010"
26-04-2010,15.95,16.15,15.65,16.00,13.57,"5,612","Apr 26, 2010"
23-04-2010,16.05,16.20,16.00,16.00,13.57,"4,884","Apr 23, 2010"
22-04-2010,16.25,16.30,15.80,16.00,13.57,"4,850","Apr 22, 2010"
21-04-2010,16.20,16.30,15.60,15.75,13.36,"8,059","Apr 21, 2010"
20-04-2010,15.05,16.70,15.05,15.80,13.40,"8,875","Apr 20, 2010"
19-04-2010,14.80,16.45,14.70,15.55,13.19,"6,456","Apr 19, 2010"
16-04-2010,16.30,16.30,15.20,15.80,13.40,"7,520","Apr 16, 2010"
15-04-2010,16.00,16.40,15.60,15.95,13.53,"18,508","Apr 15, 2010"
13-04-2010,14.90,16.85,14.90,16.25,13.78,"22,746","Apr 13, 2010"
12-04-2010,15.55,16.45,15.55,16.15,13.70,"3,868","Apr 12, 2010"
09-04-2010,14.80,16.50,14.80,16.15,13.70,"28,006","Apr 09, 2010"
08-04-2010,14.90,16.10,14.90,15.55,13.19,"15,994","Apr 08, 2010"
07-04-2010,14.20,16.30,14.20,15.65,13.27,"36,143","Apr 07, 2010"
06-04-2010,14.35,14.90,14.35,14.90,12.64,"4,689","Apr 06, 2010"
05-04-2010,14.65,14.70,14.40,14.70,12.47,"3,357","Apr 05, 2010"
01-04-2010,13.30,14.65,13.30,14.50,12.30,"3,915","Apr 01, 2010"
31-03-2010,15.05,15.05,13.35,13.50,11.45,"2,912","Mar 31, 2010"
30-03-2010,14.30,14.30,13.25,13.65,11.58,"5,528","Mar 30, 2010"
29-03-2010,14.85,14.85,13.50,13.60,11.53,"3,139","Mar 29, 2010"
26-03-2010,13.80,14.20,13.70,13.70,11.62,"4,333","Mar 26, 2010"
25-03-2010,13.65,14.50,13.60,14.20,12.04,"11,730","Mar 25, 2010"
23-03-2010,13.90,14.40,13.70,14.05,11.91,"4,613","Mar 23, 2010"
22-03-2010,14.10,14.50,13.50,14.35,12.17,"1,187","Mar 22, 2010"
19-03-2010,14.00,14.90,13.90,14.10,11.96,"15,188","Mar 19, 2010"
18-03-2010,14.00,14.80,14.00,14.65,12.42,"4,776","Mar 18, 2010"
17-03-2010,14.30,14.85,14.20,14.70,12.47,"5,877","Mar 17, 2010"
16-03-2010,14.10,15.00,14.10,14.65,12.42,"3,620","Mar 16, 2010"
15-03-2010,14.75,15.00,14.60,14.80,12.55,"1,421","Mar 15, 2010"
12-03-2010,14.60,15.00,14.60,15.00,12.72,"4,704","Mar 12, 2010"
11-03-2010,14.60,15.40,14.60,15.10,12.81,"2,729","Mar 11, 2010"
10-03-2010,15.00,15.80,14.55,15.10,12.81,"8,871","Mar 10, 2010"
09-03-2010,15.50,15.85,14.15,14.60,12.38,"14,875","Mar 09, 2010"
08-03-2010,14.15,16.20,14.15,15.40,13.06,"4,935","Mar 08, 2010"
05-03-2010,14.80,14.95,14.65,14.70,12.47,"8,019","Mar 05, 2010"
04-03-2010,16.00,16.00,15.10,15.30,12.97,"1,875","Mar 04, 2010"
03-03-2010,14.45,15.20,14.15,15.20,12.89,"12,402","Mar 03, 2010"
02-03-2010,13.60,14.45,13.60,14.45,12.25,26,"Mar 02, 2010"
26-02-2010,14.00,14.15,13.75,13.85,11.75,"2,303","Feb 26, 2010"
25-02-2010,13.55,13.95,13.55,13.60,11.53,"1,400","Feb 25, 2010"
24-02-2010,14.00,14.65,13.40,13.70,11.62,"5,758","Feb 24, 2010"
23-02-2010,14.75,14.75,14.05,14.05,11.91,"8,215","Feb 23, 2010"
22-02-2010,14.75,15.00,14.75,14.75,12.51,"7,200","Feb 22, 2010"
19-02-2010,14.65,15.05,14.60,14.65,12.42,"3,676","Feb 19, 2010"
18-02-2010,15.00,15.95,14.80,14.95,12.68,"13,008","Feb 18, 2010"
17-02-2010,15.45,16.00,15.25,15.25,12.93,"10,222","Feb 17, 2010"
16-02-2010,15.60,15.65,15.05,15.20,12.89,"5,247","Feb 16, 2010"
15-02-2010,14.25,15.15,14.25,14.90,12.64,"1,350","Feb 15, 2010"
11-02-2010,14.70,14.75,14.60,14.75,12.51,"1,193","Feb 11, 2010"
10-02-2010,14.70,15.30,14.70,15.30,12.97,778,"Feb 10, 2010"
09-02-2010,15.00,15.45,14.60,14.75,12.51,451,"Feb 09, 2010"
08-02-2010,15.50,15.50,14.85,15.35,13.02,"1,125","Feb 08, 2010"
06-02-2010,-,-,-,-,-,-,"Feb 06, 2010"
05-02-2010,15.70,15.70,14.95,14.95,12.68,"19,657","Feb 05, 2010"
04-02-2010,16.50,16.75,15.70,15.70,13.31,"4,463","Feb 04, 2010"
03-02-2010,17.00,17.00,15.40,16.40,13.91,"9,600","Feb 03, 2010"
02-02-2010,15.05,16.15,15.05,16.15,13.70,"7,335","Feb 02, 2010"
01-02-2010,14.00,15.35,14.00,15.35,13.02,"3,564","Feb 01, 2010"
29-01-2010,14.35,15.00,14.35,14.60,12.38,"12,540","Jan 29, 2010"
28-01-2010,14.95,15.05,14.05,15.00,12.72,"10,661","Jan 28, 2010"
27-01-2010,15.45,15.45,14.25,14.30,12.13,"13,539","Jan 27, 2010"
25-01-2010,14.65,15.25,14.50,14.80,12.55,"2,922","Jan 25, 2010"
22-01-2010,15.80,16.75,15.25,15.25,12.93,"13,956","Jan 22, 2010"
21-01-2010,16.00,16.70,15.90,16.05,13.61,"18,130","Jan 21, 2010"
20-01-2010,17.40,17.40,15.95,16.50,13.99,"18,059","Jan 20, 2010"
19-01-2010,16.30,17.20,16.30,16.45,13.95,"21,778","Jan 19, 2010"
18-01-2010,16.10,17.00,16.10,16.40,13.91,"35,549","Jan 18, 2010"
15-01-2010,14.55,17.40,14.55,16.35,13.87,"46,230","Jan 15, 2010"
14-01-2010,15.10,15.60,14.50,15.40,13.06,"41,257","Jan 14, 2010"
13-01-2010,14.95,15.35,14.50,15.15,12.85,"27,235","Jan 13, 2010"
12-01-2010,15.30,15.35,13.10,14.40,12.21,"16,924","Jan 12, 2010"
11-01-2010,14.35,14.90,14.35,14.50,12.30,"7,879","Jan 11, 2010"
08-01-2010,14.90,14.90,14.15,14.40,12.21,"14,042","Jan 08, 2010"
07-01-2010,13.25,14.70,13.25,14.65,12.42,"21,157","Jan 07, 2010"
06-01-2010,15.35,15.35,14.05,14.35,12.17,"11,500","Jan 06, 2010"
05-01-2010,13.50,14.20,13.50,14.00,11.87,"16,619","Jan 05, 2010"
04-01-2010,13.95,14.30,13.55,14.10,11.96,"10,873","Jan 04, 2010"
31-12-2009,13.05,14.00,13.05,13.95,11.83,"15,968","Dec 31, 2009"
30-12-2009,12.40,13.95,12.40,13.80,11.70,"20,791","Dec 30, 2009"
29-12-2009,13.20,13.70,13.00,13.20,11.19,"2,396","Dec 29, 2009"
24-12-2009,13.55,13.55,12.85,13.05,11.07,"12,136","Dec 24, 2009"
23-12-2009,13.00,13.45,12.95,13.20,11.19,"9,203","Dec 23, 2009"
22-12-2009,13.00,13.70,12.70,13.30,11.28,"2,556","Dec 22, 2009"
21-12-2009,13.95,13.95,12.75,12.95,10.98,"15,910","Dec 21, 2009"
18-12-2009,13.30,13.70,12.60,13.00,11.02,"15,636","Dec 18, 2009"
17-12-2009,13.95,14.40,12.65,13.40,11.36,"11,963","Dec 17, 2009"
16-12-2009,12.75,13.80,12.75,13.15,11.15,"7,998","Dec 16, 2009"
15-12-2009,14.50,14.50,13.10,13.50,11.45,"21,305","Dec 15, 2009"
14-12-2009,13.55,14.50,13.50,13.85,11.75,"43,380","Dec 14, 2009"
11-12-2009,13.10,16.35,12.60,13.00,11.02,"60,556","Dec 11, 2009"
10-12-2009,12.10,14.50,12.10,13.60,11.53,"24,055","Dec 10, 2009"
09-12-2009,12.70,13.80,12.70,13.00,11.02,"9,359","Dec 09, 2009"
08-12-2009,13.05,13.45,12.75,13.00,11.02,"20,350","Dec 08, 2009"
07-12-2009,12.95,13.90,12.50,13.25,11.24,"66,851","Dec 07, 2009"
04-12-2009,11.75,12.55,11.75,12.45,10.56,"13,211","Dec 04, 2009"
03-12-2009,11.10,12.70,11.10,12.35,10.47,"92,298","Dec 03, 2009"
02-12-2009,10.95,11.95,10.95,11.75,9.96,"56,193","Dec 02, 2009"
01-12-2009,10.60,11.75,10.60,11.30,9.58,"29,766","Dec 01, 2009"
30-11-2009,11.50,11.50,10.50,11.15,9.46,"6,802","Nov 30, 2009"
27-11-2009,11.00,11.45,10.30,11.35,9.63,"4,614","Nov 27, 2009"
26-11-2009,10.65,11.45,10.65,11.40,9.67,"18,700","Nov 26, 2009"
25-11-2009,11.00,11.50,10.95,11.40,9.67,"6,500","Nov 25, 2009"
24-11-2009,12.00,12.00,11.05,11.50,9.75,"10,734","Nov 24, 2009"
23-11-2009,10.70,11.80,10.70,11.40,9.67,"75,947","Nov 23, 2009"
20-11-2009,10.50,10.70,10.20,10.70,9.07,"4,500","Nov 20, 2009"
19-11-2009,11.00,11.00,10.50,10.50,8.90,"5,668","Nov 19, 2009"
18-11-2009,11.80,11.80,10.45,10.70,9.07,"75,360","Nov 18, 2009"
17-11-2009,10.15,10.60,10.10,10.10,8.57,759,"Nov 17, 2009"
16-11-2009,10.75,10.75,10.15,10.35,8.78,"2,100","Nov 16, 2009"
13-11-2009,10.45,10.45,9.55,10.05,8.52,"5,419","Nov 13, 2009"
12-11-2009,9.95,10.45,9.85,10.20,8.65,"5,100","Nov 12, 2009"
11-11-2009,10.85,10.85,9.85,9.90,8.40,"5,200","Nov 11, 2009"
10-11-2009,9.90,11.00,9.85,10.05,8.52,"10,211","Nov 10, 2009"
09-11-2009,9.75,10.50,9.15,9.70,8.23,"8,600","Nov 09, 2009"
06-11-2009,9.05,9.95,9.05,9.55,8.10,"16,397","Nov 06, 2009"
05-11-2009,10.95,10.95,9.10,9.45,8.01,"3,700","Nov 05, 2009"
04-11-2009,9.20,9.45,8.85,9.10,7.72,"2,709","Nov 04, 2009"
03-11-2009,9.05,9.90,8.80,9.00,7.63,"8,001","Nov 03, 2009"
30-10-2009,10.00,10.75,9.35,9.50,8.06,"9,427","Oct 30, 2009"
29-10-2009,10.10,10.80,9.45,10.10,8.57,"9,400","Oct 29, 2009"
28-10-2009,11.15,11.15,10.00,10.05,8.52,"2,700","Oct 28, 2009"
27-10-2009,10.25,10.70,10.20,10.30,8.73,"7,600","Oct 27, 2009"
26-10-2009,11.35,11.35,10.55,10.60,8.99,"12,195","Oct 26, 2009"
23-10-2009,11.15,11.15,10.75,10.80,9.16,"18,900","Oct 23, 2009"
22-10-2009,10.65,11.20,10.60,10.70,9.07,"4,728","Oct 22, 2009"
21-10-2009,11.40,11.40,10.80,10.80,9.16,"8,947","Oct 21, 2009"
20-10-2009,10.20,11.35,10.20,10.85,9.20,"5,878","Oct 20, 2009"
16-10-2009,10.80,11.20,10.80,11.05,9.37,"5,370","Oct 16, 2009"
15-10-2009,10.95,11.45,10.75,10.80,9.16,"9,002","Oct 15, 2009"
14-10-2009,11.50,11.50,11.00,11.10,9.41,"5,600","Oct 14, 2009"
13-10-2009,11.05,11.05,11.05,11.05,9.37,-,"Oct 13, 2009"
12-10-2009,11.00,11.50,10.50,11.05,9.37,"7,409","Oct 12, 2009"
09-10-2009,11.00,11.25,10.90,10.95,9.29,"9,780","Oct 09, 2009"
08-10-2009,11.10,11.55,11.05,11.15,9.46,"14,500","Oct 08, 2009"
07-10-2009,11.70,11.70,11.10,11.15,9.46,"4,000","Oct 07, 2009"
06-10-2009,12.00,12.00,10.70,11.40,9.67,"26,269","Oct 06, 2009"
05-10-2009,11.30,12.00,11.00,11.40,9.67,"11,400","Oct 05, 2009"
01-10-2009,12.20,12.20,11.40,11.40,9.67,"4,700","Oct 01, 2009"
30-09-2009,11.70,12.30,11.20,11.80,10.01,"22,469","Sep 30, 2009"
29-09-2009,11.00,11.80,11.00,11.55,9.79,"13,100","Sep 29, 2009"
25-09-2009,12.50,12.50,11.05,11.45,9.71,"9,381","Sep 25, 2009"
24-09-2009,12.20,12.20,11.25,11.50,9.75,"12,120","Sep 24, 2009"
23-09-2009,11.30,12.50,11.30,11.55,9.79,"31,971","Sep 23, 2009"
22-09-2009,11.20,12.10,11.20,11.40,9.67,"11,563","Sep 22, 2009"
18-09-2009,11.05,12.00,11.05,11.95,10.13,"3,800","Sep 18, 2009"
17-09-2009,11.50,12.45,10.80,11.90,10.09,"5,000","Sep 17, 2009"
16-09-2009,12.35,12.35,11.70,11.70,9.92,"13,900","Sep 16, 2009"
15-09-2009,12.00,12.00,11.70,11.80,10.01,"9,263","Sep 15, 2009"
14-09-2009,11.20,13.00,11.20,11.75,9.96,"22,140","Sep 14, 2009"
11-09-2009,12.00,12.10,11.10,11.35,9.63,"10,838","Sep 11, 2009"
10-09-2009,11.80,12.15,11.60,11.90,10.09,"5,323","Sep 10, 2009"
09-09-2009,12.00,12.35,11.60,11.95,10.13,"6,608","Sep 09, 2009"
08-09-2009,12.50,12.50,11.95,12.20,10.35,"20,314","Sep 08, 2009"
07-09-2009,11.80,12.70,11.80,12.00,10.18,"9,606","Sep 07, 2009"
04-09-2009,12.00,12.50,11.55,12.25,10.39,"40,795","Sep 04, 2009"
03-09-2009,12.30,12.30,11.00,11.90,10.09,"34,426","Sep 03, 2009"
02-09-2009,12.50,12.50,11.40,11.55,9.79,"7,243","Sep 02, 2009"
01-09-2009,12.50,12.50,11.65,11.80,10.01,"15,658","Sep 01, 2009"
31-08-2009,11.30,12.60,11.25,12.10,10.26,"21,167","Aug 31, 2009"
28-08-2009,11.65,12.70,11.65,12.10,10.26,"19,535","Aug 28, 2009"
27-08-2009,13.20,13.50,12.25,12.50,10.60,"92,612","Aug 27, 2009"
26-08-2009,10.60,12.90,10.60,12.90,10.94,"192,000","Aug 26, 2009"
25-08-2009,10.40,10.90,10.40,10.75,9.12,"9,700","Aug 25, 2009"
24-08-2009,11.30,11.30,10.20,10.55,8.95,"8,409","Aug 24, 2009"
21-08-2009,10.85,10.85,10.40,10.65,9.03,"4,817","Aug 21, 2009"
20-08-2009,10.05,11.20,10.05,10.55,8.95,"11,418","Aug 20, 2009"
19-08-2009,11.90,11.90,10.35,10.50,8.90,"10,879","Aug 19, 2009"
18-08-2009,11.50,11.50,10.55,10.80,9.16,"6,685","Aug 18, 2009"
17-08-2009,10.80,11.45,10.20,10.70,9.07,"6,109","Aug 17, 2009"
14-08-2009,11.55,11.55,10.40,10.55,8.95,"15,816","Aug 14, 2009"
13-08-2009,11.55,11.55,10.25,11.10,9.41,"8,834","Aug 13, 2009"
12-08-2009,11.00,11.55,10.30,10.65,9.03,"6,550","Aug 12, 2009"
11-08-2009,11.30,11.50,11.00,11.05,9.37,"9,837","Aug 11, 2009"
10-08-2009,12.40,13.25,11.05,11.75,9.96,"45,445","Aug 10, 2009"
07-08-2009,11.90,12.40,11.30,11.95,10.13,"71,462","Aug 07, 2009"
06-08-2009,9.60,12.00,9.60,11.25,9.54,"61,897","Aug 06, 2009"
05-08-2009,9.80,10.25,9.70,10.00,8.48,"3,000","Aug 05, 2009"
04-08-2009,9.40,10.20,9.40,9.70,8.23,"1,800","Aug 04, 2009"
03-08-2009,10.25,10.25,9.40,9.90,8.40,"5,283","Aug 03, 2009"
31-07-2009,9.90,10.95,9.50,10.20,8.65,"5,834","Jul 31, 2009"
30-07-2009,9.80,10.00,9.80,9.95,8.44,"2,800","Jul 30, 2009"
29-07-2009,9.25,10.00,9.25,10.00,8.48,"5,300","Jul 29, 2009"
28-07-2009,9.80,10.00,9.50,9.75,8.27,"4,551","Jul 28, 2009"
27-07-2009,9.70,10.15,9.35,9.75,8.27,"3,921","Jul 27, 2009"
24-07-2009,10.00,10.15,9.70,9.90,8.40,"5,629","Jul 24, 2009"
23-07-2009,9.50,10.30,9.50,10.00,8.48,"2,784","Jul 23, 2009"
22-07-2009,9.60,10.25,9.45,9.75,8.27,"6,506","Jul 22, 2009"
21-07-2009,10.10,10.70,9.65,9.95,8.44,"9,541","Jul 21, 2009"
20-07-2009,10.75,10.95,10.10,10.35,8.78,"9,557","Jul 20, 2009"
17-07-2009,11.40,11.40,10.30,10.85,9.20,"66,170","Jul 17, 2009"
16-07-2009,9.80,10.65,8.80,10.65,9.03,"41,100","Jul 16, 2009"
15-07-2009,9.50,9.60,8.60,8.85,7.51,"8,900","Jul 15, 2009"
14-07-2009,8.15,9.45,8.15,8.85,7.51,"2,534","Jul 14, 2009"
13-07-2009,8.20,9.45,8.20,8.50,7.21,"8,379","Jul 13, 2009"
10-07-2009,8.85,9.40,8.80,8.85,7.51,"6,862","Jul 10, 2009"
09-07-2009,9.10,9.45,9.00,9.05,7.67,"2,503","Jul 09, 2009"
08-07-2009,9.50,10.60,9.05,9.30,7.89,"5,700","Jul 08, 2009"
07-07-2009,9.95,10.00,9.15,9.75,8.27,"4,920","Jul 07, 2009"
06-07-2009,11.40,11.40,9.90,9.95,8.44,"3,487","Jul 06, 2009"
03-07-2009,10.85,10.90,10.20,10.50,8.90,"6,935","Jul 03, 2009"
02-07-2009,11.20,11.20,10.00,10.50,8.90,"5,300","Jul 02, 2009"
01-07-2009,10.50,10.80,10.00,10.15,8.61,"5,540","Jul 01, 2009"
30-06-2009,10.00,10.10,10.00,10.00,8.48,"2,200","Jun 30, 2009"
29-06-2009,10.00,10.60,10.00,10.10,8.57,"5,800","Jun 29, 2009"
26-06-2009,10.70,11.00,10.05,10.15,8.61,"2,500","Jun 26, 2009"
25-06-2009,10.00,10.90,10.00,10.50,8.90,"1,270","Jun 25, 2009"
24-06-2009,9.65,10.45,9.65,10.40,8.82,560,"Jun 24, 2009"
23-06-2009,10.00,10.60,9.60,9.90,8.40,"3,589","Jun 23, 2009"
22-06-2009,10.00,10.45,9.75,10.30,8.73,"2,549","Jun 22, 2009"
19-06-2009,10.30,10.50,9.90,10.05,8.52,"11,558","Jun 19, 2009"
18-06-2009,10.35,10.95,10.10,10.75,9.12,"8,305","Jun 18, 2009"
17-06-2009,11.75,11.75,10.90,11.15,9.46,"9,207","Jun 17, 2009"
16-06-2009,10.00,11.80,10.00,11.80,10.01,"13,500","Jun 16, 2009"
15-06-2009,11.05,11.70,10.50,10.70,9.07,"2,907","Jun 15, 2009"
12-06-2009,11.00,11.35,10.60,11.15,9.46,"8,100","Jun 12, 2009"
11-06-2009,11.50,11.75,11.25,11.40,9.67,"4,026","Jun 11, 2009"
10-06-2009,11.75,11.80,11.40,11.75,9.96,"3,589","Jun 10, 2009"
09-06-2009,10.60,11.95,10.60,11.75,9.96,"4,160","Jun 09, 2009"
08-06-2009,13.40,13.40,11.50,11.60,9.84,"15,096","Jun 08, 2009"
05-06-2009,12.20,12.85,12.10,12.30,10.43,"19,400","Jun 05, 2009"
04-06-2009,12.25,12.35,11.70,12.05,10.22,"23,824","Jun 04, 2009"
03-06-2009,10.90,12.25,10.90,11.95,10.13,"21,900","Jun 03, 2009"
02-06-2009,12.55,12.55,11.05,11.65,9.88,"8,800","Jun 02, 2009"
01-06-2009,12.25,12.25,11.65,12.15,10.30,"4,132","Jun 01, 2009"
29-05-2009,12.50,12.50,11.55,12.00,10.18,"10,864","May 29, 2009"
28-05-2009,11.50,12.00,11.50,11.80,10.01,"9,562","May 28, 2009"
27-05-2009,11.50,12.00,10.80,11.60,9.84,"19,377","May 27, 2009"
26-05-2009,11.85,12.40,10.80,11.05,9.37,"8,659","May 26, 2009"
25-05-2009,11.25,11.95,11.00,11.85,10.05,"14,498","May 25, 2009"
22-05-2009,10.00,10.60,9.90,10.55,8.95,"20,410","May 22, 2009"
21-05-2009,9.20,10.80,9.20,10.35,8.78,"24,634","May 21, 2009"
20-05-2009,8.90,9.25,8.55,9.00,7.63,"10,835","May 20, 2009"
19-05-2009,8.00,8.85,8.00,8.45,7.17,"8,097","May 19, 2009"
18-05-2009,-,-,-,-,-,-,"May 18, 2009"
15-05-2009,8.10,8.45,8.00,8.15,6.91,"5,720","May 15, 2009"
14-05-2009,8.45,8.50,8.10,8.25,7.00,"2,090","May 14, 2009"
13-05-2009,8.50,9.15,8.15,8.65,7.34,"5,223","May 13, 2009"
12-05-2009,8.50,9.70,8.45,8.55,7.25,"5,433","May 12, 2009"
11-05-2009,9.00,9.00,8.35,8.40,7.12,"2,110","May 11, 2009"
08-05-2009,9.00,9.00,8.25,8.60,7.29,"6,731","May 08, 2009"
07-05-2009,8.90,9.20,8.40,9.05,7.67,"7,089","May 07, 2009"
06-05-2009,9.25,9.25,8.10,8.30,7.04,"3,740","May 06, 2009"
05-05-2009,8.00,9.75,7.45,8.70,7.38,"21,334","May 05, 2009"
04-05-2009,7.10,8.15,7.10,8.10,6.87,"2,120","May 04, 2009"
30-04-2009,7.95,7.95,7.95,7.95,6.74,-,"Apr 30, 2009"
29-04-2009,6.60,8.20,6.60,7.95,6.74,"8,061","Apr 29, 2009"
28-04-2009,8.00,8.00,7.85,8.00,6.78,224,"Apr 28, 2009"
27-04-2009,7.90,8.05,7.90,8.05,6.83,674,"Apr 27, 2009"
24-04-2009,6.50,8.20,6.50,8.20,6.95,"3,386","Apr 24, 2009"
23-04-2009,8.90,9.40,7.20,7.95,6.74,"5,914","Apr 23, 2009"
22-04-2009,7.25,8.65,7.25,8.00,6.78,"11,558","Apr 22, 2009"
21-04-2009,7.60,8.25,7.60,7.85,6.66,"1,956","Apr 21, 2009"
20-04-2009,7.75,8.50,7.75,8.15,6.91,"8,132","Apr 20, 2009"
17-04-2009,7.55,9.30,7.55,8.45,7.17,"11,740","Apr 17, 2009"
16-04-2009,8.35,8.70,7.80,7.80,6.61,"11,747","Apr 16, 2009"
15-04-2009,7.00,8.50,7.00,8.30,7.04,"11,301","Apr 15, 2009"
13-04-2009,8.00,8.00,6.00,7.10,6.02,"6,165","Apr 13, 2009"
09-04-2009,6.50,7.10,6.50,6.75,5.72,"5,733","Apr 09, 2009"
08-04-2009,6.00,7.10,6.00,6.65,5.64,"10,389","Apr 08, 2009"
06-04-2009,6.25,6.50,5.65,5.90,5.00,"4,496","Apr 06, 2009"
02-04-2009,5.70,6.35,5.70,6.35,5.39,"3,630","Apr 02, 2009"
01-04-2009,6.00,6.35,5.60,6.35,5.39,602,"Apr 01, 2009"
31-03-2009,5.50,6.20,5.50,6.00,5.09,"3,191","Mar 31, 2009"
30-03-2009,5.55,5.90,5.55,5.65,4.79,802,"Mar 30, 2009"
27-03-2009,5.55,6.20,5.35,5.90,5.00,"1,167","Mar 27, 2009"
26-03-2009,6.05,6.05,5.05,5.60,4.75,"3,931","Mar 26, 2009"
25-03-2009,5.40,5.60,5.40,5.60,4.75,740,"Mar 25, 2009"
24-03-2009,5.80,5.80,5.70,5.75,4.88,"3,042","Mar 24, 2009"
23-03-2009,5.90,5.90,5.90,5.90,5.00,74,"Mar 23, 2009"
20-03-2009,5.10,6.20,5.10,5.70,4.83,139,"Mar 20, 2009"
19-03-2009,5.55,5.90,5.50,5.55,4.71,"1,880","Mar 19, 2009"
18-03-2009,5.30,6.05,5.30,6.05,5.13,95,"Mar 18, 2009"
17-03-2009,5.40,6.15,5.40,6.10,5.17,500,"Mar 17, 2009"
16-03-2009,5.60,5.95,5.40,5.95,5.05,162,"Mar 16, 2009"
13-03-2009,6.20,6.20,5.60,5.60,4.75,58,"Mar 13, 2009"
12-03-2009,5.50,5.95,5.30,5.95,5.05,679,"Mar 12, 2009"
09-03-2009,5.05,5.95,5.05,5.65,4.79,"1,802","Mar 09, 2009"
06-03-2009,5.90,5.90,5.55,5.55,4.71,840,"Mar 06, 2009"
05-03-2009,5.90,5.90,5.20,5.60,4.75,"2,003","Mar 05, 2009"
04-03-2009,5.10,5.85,5.10,5.85,4.96,"1,260","Mar 04, 2009"
03-03-2009,5.65,5.65,5.60,5.60,4.75,600,"Mar 03, 2009"
02-03-2009,6.15,6.15,5.45,5.60,4.75,"4,135","Mar 02, 2009"
27-02-2009,5.55,5.95,5.55,5.80,4.92,411,"Feb 27, 2009"
26-02-2009,6.00,6.00,5.50,5.55,4.71,"3,490","Feb 26, 2009"
25-02-2009,6.25,6.25,5.90,6.00,5.09,460,"Feb 25, 2009"
24-02-2009,5.55,6.00,5.55,5.80,4.92,"2,030","Feb 24, 2009"
20-02-2009,6.00,6.00,5.70,5.70,4.83,460,"Feb 20, 2009"
19-02-2009,6.00,6.00,5.80,5.80,4.92,210,"Feb 19, 2009"
18-02-2009,6.00,6.00,5.75,5.80,4.92,"2,497","Feb 18, 2009"
17-02-2009,6.20,6.20,5.80,5.85,4.96,"1,159","Feb 17, 2009"
16-02-2009,6.00,6.20,5.65,5.80,4.92,"6,941","Feb 16, 2009"
13-02-2009,6.10,6.50,6.05,6.20,5.26,"2,983","Feb 13, 2009"
12-02-2009,6.00,6.20,6.00,6.20,5.26,153,"Feb 12, 2009"
11-02-2009,-,-,-,-,-,-,"Feb 11, 2009"
10-02-2009,6.25,6.25,6.00,6.05,5.13,"4,600","Feb 10, 2009"
09-02-2009,6.00,6.70,6.00,6.10,5.17,683,"Feb 09, 2009"
06-02-2009,6.00,6.00,6.00,6.00,5.09,"1,358","Feb 06, 2009"
05-02-2009,6.00,6.25,6.00,6.00,5.09,421,"Feb 05, 2009"
04-02-2009,6.35,6.35,5.95,6.10,5.17,903,"Feb 04, 2009"
03-02-2009,6.00,6.30,6.00,6.05,5.13,"1,708","Feb 03, 2009"
02-02-2009,6.25,6.35,5.85,6.15,5.22,"3,812","Feb 02, 2009"
30-01-2009,6.00,6.20,6.00,6.20,5.26,"1,602","Jan 30, 2009"
29-01-2009,6.15,6.15,6.00,6.10,5.17,"1,350","Jan 29, 2009"
28-01-2009,6.00,6.30,6.00,6.20,5.26,"3,129","Jan 28, 2009"
27-01-2009,6.00,6.00,6.00,6.00,5.09,38,"Jan 27, 2009"
23-01-2009,5.90,6.40,5.80,6.15,5.22,"6,535","Jan 23, 2009"
22-01-2009,6.30,6.30,5.90,6.00,5.09,"4,245","Jan 22, 2009"
21-01-2009,6.00,6.20,5.85,6.00,5.09,"4,164","Jan 21, 2009"
20-01-2009,5.55,6.10,5.30,6.00,5.09,"4,299","Jan 20, 2009"
19-01-2009,6.50,6.50,5.20,5.65,4.79,"23,952","Jan 19, 2009"
16-01-2009,6.80,6.90,6.10,6.20,5.26,"38,782","Jan 16, 2009"
15-01-2009,7.50,7.50,7.00,7.15,6.06,"1,100","Jan 15, 2009"
14-01-2009,7.00,7.65,6.75,7.50,6.36,"1,100","Jan 14, 2009"
13-01-2009,7.65,7.70,6.60,7.00,5.94,"3,102","Jan 13, 2009"
12-01-2009,7.90,7.90,6.90,6.95,5.89,"2,800","Jan 12, 2009"
09-01-2009,5.90,8.00,5.90,7.15,6.06,"8,300","Jan 09, 2009"
07-01-2009,7.25,7.25,6.80,7.15,6.06,900,"Jan 07, 2009"
06-01-2009,8.00,8.60,8.00,8.00,6.78,"6,000","Jan 06, 2009"
05-01-2009,7.70,8.00,7.70,8.00,6.78,"1,100","Jan 05, 2009"
02-01-2009,7.75,8.30,7.75,7.90,6.70,"4,171","Jan 02, 2009"
31-12-2008,7.20,7.80,7.20,7.75,6.57,600,"Dec 31, 2008"
30-12-2008,8.40,8.40,6.80,7.30,6.19,"3,378","Dec 30, 2008"
29-12-2008,7.00,8.50,7.00,7.50,6.36,"2,400","Dec 29, 2008"
26-12-2008,7.70,7.75,7.05,7.05,5.98,"2,000","Dec 26, 2008"
24-12-2008,7.45,7.45,6.85,7.45,6.32,"1,106","Dec 24, 2008"
23-12-2008,7.00,7.60,7.00,7.30,6.19,"2,182","Dec 23, 2008"
22-12-2008,7.40,7.50,7.40,7.40,6.28,"3,000","Dec 22, 2008"
19-12-2008,7.85,7.85,7.30,7.30,6.19,656,"Dec 19, 2008"
18-12-2008,7.75,7.75,7.25,7.50,6.36,"1,050","Dec 18, 2008"
17-12-2008,7.50,7.80,7.30,7.40,6.28,"8,574","Dec 17, 2008"
16-12-2008,7.35,7.85,7.05,7.50,6.36,"7,561","Dec 16, 2008"
15-12-2008,7.10,7.40,7.10,7.10,6.02,"16,807","Dec 15, 2008"
12-12-2008,6.20,7.25,6.20,7.10,6.02,"2,476","Dec 12, 2008"
11-12-2008,6.30,7.20,6.30,6.70,5.68,"1,304","Dec 11, 2008"
10-12-2008,6.50,6.75,6.50,6.55,5.55,"1,271","Dec 10, 2008"
08-12-2008,6.65,6.95,6.55,6.60,5.60,"2,758","Dec 08, 2008"
05-12-2008,6.80,6.80,6.35,6.65,5.64,"3,914","Dec 05, 2008"
04-12-2008,6.35,6.65,6.20,6.40,5.43,"6,552","Dec 04, 2008"
03-12-2008,6.00,6.50,6.00,6.40,5.43,"11,531","Dec 03, 2008"
02-12-2008,6.65,6.75,5.60,5.75,4.88,"33,930","Dec 02, 2008"
01-12-2008,7.70,7.70,6.95,6.95,5.89,"1,870","Dec 01, 2008"
28-11-2008,-,-,-,-,-,-,"Nov 28, 2008"
27-11-2008,7.10,7.10,7.10,7.10,6.02,-,"Nov 27, 2008"
26-11-2008,7.40,7.40,6.60,7.10,6.02,"1,321","Nov 26, 2008"
25-11-2008,7.00,7.70,6.75,6.95,5.89,"5,444","Nov 25, 2008"
24-11-2008,7.50,7.50,7.00,7.00,5.94,"1,083","Nov 24, 2008"
21-11-2008,7.05,7.45,6.70,6.80,5.77,"9,399","Nov 21, 2008"
20-11-2008,7.05,7.60,6.90,7.60,6.45,"5,159","Nov 20, 2008"
19-11-2008,7.50,8.20,7.50,7.80,6.61,967,"Nov 19, 2008"
18-11-2008,7.60,8.25,7.60,7.90,6.70,"2,428","Nov 18, 2008"
17-11-2008,8.00,8.45,7.90,8.00,6.78,"1,354","Nov 17, 2008"
14-11-2008,7.80,8.20,7.80,8.10,6.87,"1,011","Nov 14, 2008"
12-11-2008,8.35,8.40,7.80,7.80,6.61,"1,162","Nov 12, 2008"
11-11-2008,8.50,8.75,8.00,8.00,6.78,"3,953","Nov 11, 2008"
10-11-2008,9.75,9.75,7.85,8.15,6.91,"9,548","Nov 10, 2008"
07-11-2008,8.00,9.35,8.00,8.90,7.55,"1,056","Nov 07, 2008"
06-11-2008,8.00,8.80,8.00,8.45,7.17,"8,632","Nov 06, 2008"
05-11-2008,8.70,9.80,8.50,8.85,7.51,"7,019","Nov 05, 2008"
04-11-2008,8.90,8.95,8.80,8.80,7.46,"2,150","Nov 04, 2008"
03-11-2008,8.00,9.25,8.00,9.00,7.63,"4,230","Nov 03, 2008"
31-10-2008,8.50,8.90,7.05,8.10,6.87,"11,564","Oct 31, 2008"
29-10-2008,8.25,8.60,8.00,8.30,7.04,"2,150","Oct 29, 2008"
27-10-2008,8.10,9.75,7.50,8.25,7.00,"3,749","Oct 27, 2008"
24-10-2008,9.60,10.00,8.75,8.75,7.42,"2,174","Oct 24, 2008"
23-10-2008,9.25,9.50,9.00,9.40,7.97,"2,300","Oct 23, 2008"
22-10-2008,10.40,11.25,8.60,9.20,7.80,"3,741","Oct 22, 2008"
21-10-2008,10.30,10.80,10.30,10.40,8.82,"2,043","Oct 21, 2008"
20-10-2008,9.20,10.90,9.20,10.15,8.61,"1,181","Oct 20, 2008"
17-10-2008,10.10,10.80,10.00,10.35,8.78,"3,750","Oct 17, 2008"
16-10-2008,10.00,10.45,9.25,9.25,7.84,"1,600","Oct 16, 2008"
15-10-2008,9.80,10.25,9.65,9.85,8.35,"2,589","Oct 15, 2008"
14-10-2008,10.80,11.40,8.70,9.50,8.06,"3,447","Oct 14, 2008"
13-10-2008,9.10,11.40,9.10,10.30,8.73,"1,836","Oct 13, 2008"
10-10-2008,10.00,11.60,9.75,9.75,8.27,"2,638","Oct 10, 2008"
08-10-2008,11.00,11.00,9.80,10.00,8.48,"5,781","Oct 08, 2008"
07-10-2008,11.80,11.95,10.80,11.00,9.33,"2,779","Oct 07, 2008"
06-10-2008,12.10,12.90,11.30,11.75,9.96,"1,968","Oct 06, 2008"
03-10-2008,13.75,13.75,11.05,12.55,10.64,"2,410","Oct 03, 2008"
01-10-2008,12.00,13.10,12.00,13.10,11.11,521,"Oct 01, 2008"
30-09-2008,12.00,12.80,11.90,12.50,10.60,512,"Sep 30, 2008"
29-09-2008,13.00,14.25,11.05,12.85,10.90,"4,154","Sep 29, 2008"
26-09-2008,14.00,14.50,13.00,13.50,11.45,"3,379","Sep 26, 2008"
25-09-2008,13.15,14.90,13.15,13.65,11.58,"1,313","Sep 25, 2008"
24-09-2008,14.00,14.65,13.50,14.00,11.87,"2,408","Sep 24, 2008"
23-09-2008,13.40,14.25,13.00,13.90,11.79,"1,958","Sep 23, 2008"
22-09-2008,14.50,14.50,13.25,13.60,11.53,"3,350","Sep 22, 2008"
19-09-2008,13.55,14.60,13.55,14.50,12.30,"1,830","Sep 19, 2008"
18-09-2008,14.20,14.20,13.25,13.50,11.45,"2,174","Sep 18, 2008"
17-09-2008,14.25,15.70,14.25,14.65,12.42,496,"Sep 17, 2008"
16-09-2008,12.70,14.85,12.55,14.60,12.38,"9,660","Sep 16, 2008"
16-09-2008,0.6 Dividend,,,,,,"Sep 16, 2008"
15-09-2008,14.80,15.45,14.65,15.45,12.59,412,"Sep 15, 2008"
12-09-2008,15.95,15.95,14.55,15.55,12.67,"2,531","Sep 12, 2008"
11-09-2008,16.00,16.00,15.65,15.95,13.00,"2,162","Sep 11, 2008"
10-09-2008,15.30,15.95,15.30,15.85,12.92,976,"Sep 10, 2008"
09-09-2008,15.90,16.00,15.70,15.70,12.80,"3,051","Sep 09, 2008"
08-09-2008,15.55,16.00,15.50,15.50,12.63,"5,032","Sep 08, 2008"
05-09-2008,15.50,16.00,15.45,15.75,12.84,970,"Sep 05, 2008"
04-09-2008,16.15,16.15,15.80,16.00,13.04,"1,534","Sep 04, 2008"
02-09-2008,15.55,16.20,15.55,16.15,13.16,"7,325","Sep 02, 2008"
01-09-2008,16.00,16.25,15.00,16.00,13.04,234,"Sep 01, 2008"
29-08-2008,15.75,16.10,15.75,15.90,12.96,"1,235","Aug 29, 2008"
28-08-2008,15.35,16.20,15.35,15.85,12.92,"3,337","Aug 28, 2008"
27-08-2008,15.85,16.15,15.75,15.85,12.92,"6,366","Aug 27, 2008"
26-08-2008,15.00,15.90,15.00,15.90,12.96,504,"Aug 26, 2008"
25-08-2008,16.40,16.40,15.55,15.60,12.72,"1,199","Aug 25, 2008"
22-08-2008,15.50,15.95,15.50,15.65,12.76,"2,367","Aug 22, 2008"
21-08-2008,15.95,16.10,15.60,16.00,13.04,"7,382","Aug 21, 2008"
20-08-2008,15.50,16.00,15.50,15.75,12.84,"5,195","Aug 20, 2008"
19-08-2008,15.50,16.00,15.35,15.55,12.67,"3,372","Aug 19, 2008"
18-08-2008,15.50,16.00,15.50,15.50,12.63,"1,077","Aug 18, 2008"
14-08-2008,15.80,16.00,15.25,15.95,13.00,"4,637","Aug 14, 2008"
13-08-2008,15.40,15.90,13.25,15.55,12.67,"5,000","Aug 13, 2008"
12-08-2008,16.55,16.55,15.50,15.85,12.92,"2,227","Aug 12, 2008"
11-08-2008,15.55,16.20,15.55,15.85,12.92,"2,397","Aug 11, 2008"
08-08-2008,15.70,16.10,15.70,16.00,13.04,"3,600","Aug 08, 2008"
07-08-2008,15.25,15.70,15.25,15.70,12.80,"1,200","Aug 07, 2008"
06-08-2008,16.80,16.80,15.50,15.70,12.80,"3,840","Aug 06, 2008"
05-08-2008,14.70,15.60,14.70,15.50,12.63,700,"Aug 05, 2008"
04-08-2008,15.00,15.50,14.30,15.05,12.27,"7,047","Aug 04, 2008"
01-08-2008,14.45,15.25,14.30,15.25,12.43,"4,300","Aug 01, 2008"
31-07-2008,15.45,15.45,14.75,14.80,12.06,350,"Jul 31, 2008"
30-07-2008,15.45,15.45,14.90,15.15,12.35,"2,300","Jul 30, 2008"
29-07-2008,15.90,15.90,15.15,15.15,12.35,860,"Jul 29, 2008"
28-07-2008,15.25,15.75,15.25,15.55,12.67,"1,625","Jul 28, 2008"
25-07-2008,15.00,15.85,15.00,15.45,12.59,"2,227","Jul 25, 2008"
24-07-2008,15.60,15.80,15.20,15.30,12.47,"1,419","Jul 24, 2008"
23-07-2008,16.00,16.70,15.25,15.50,12.63,"1,063","Jul 23, 2008"
22-07-2008,14.95,15.40,14.85,15.10,12.31,"1,621","Jul 22, 2008"
21-07-2008,15.00,15.35,14.05,15.25,12.43,"3,475","Jul 21, 2008"
18-07-2008,14.40,15.50,14.20,15.10,12.31,"2,506","Jul 18, 2008"
17-07-2008,14.40,14.95,14.40,14.60,11.90,846,"Jul 17, 2008"
16-07-2008,15.45,15.45,14.20,14.20,11.57,"2,551","Jul 16, 2008"
15-07-2008,14.30,15.50,14.30,14.85,12.10,"1,012","Jul 15, 2008"
14-07-2008,14.70,15.45,14.70,15.05,12.27,335,"Jul 14, 2008"
11-07-2008,15.00,15.85,14.90,15.00,12.23,"8,085","Jul 11, 2008"
10-07-2008,15.00,15.40,15.00,15.25,12.43,"2,033","Jul 10, 2008"
09-07-2008,15.25,15.50,14.80,15.35,12.51,"6,216","Jul 09, 2008"
08-07-2008,15.15,15.70,14.60,15.05,12.27,"8,697","Jul 08, 2008"
07-07-2008,16.10,16.10,15.35,15.65,12.76,"1,500","Jul 07, 2008"
04-07-2008,15.00,15.65,15.00,15.60,12.72,"1,872","Jul 04, 2008"
03-07-2008,15.00,16.30,14.70,14.90,12.14,"4,792","Jul 03, 2008"
02-07-2008,15.25,15.65,15.00,15.60,12.72,"7,445","Jul 02, 2008"
01-07-2008,17.20,17.20,16.20,16.25,13.25,"6,586","Jul 01, 2008"
30-06-2008,17.50,17.50,16.25,16.80,13.69,"3,775","Jun 30, 2008"
27-06-2008,17.55,18.00,17.50,17.75,14.47,"5,560","Jun 27, 2008"
26-06-2008,17.55,18.00,17.55,18.00,14.67,"4,125","Jun 26, 2008"
25-06-2008,17.50,18.00,17.50,17.85,14.55,"4,899","Jun 25, 2008"
24-06-2008,17.50,18.00,17.25,17.95,14.63,"5,753","Jun 24, 2008"
23-06-2008,17.80,18.00,16.50,17.80,14.51,"6,424","Jun 23, 2008"
20-06-2008,19.15,19.15,17.60,18.40,15.00,"4,076","Jun 20, 2008"
19-06-2008,18.00,18.75,18.00,18.10,14.75,"17,673","Jun 19, 2008"
18-06-2008,18.20,18.80,17.80,18.00,14.67,"12,135","Jun 18, 2008"
17-06-2008,17.80,18.50,17.80,18.40,15.00,"1,046","Jun 17, 2008"
16-06-2008,18.10,18.45,17.95,18.00,14.67,"3,996","Jun 16, 2008"
13-06-2008,18.00,19.00,18.00,18.10,14.75,"3,410","Jun 13, 2008"
12-06-2008,17.65,18.55,17.65,18.15,14.79,"3,825","Jun 12, 2008"
11-06-2008,18.00,18.50,17.85,18.00,14.67,"3,913","Jun 11, 2008"
10-06-2008,21.20,21.20,17.00,18.15,14.79,"4,170","Jun 10, 2008"
09-06-2008,18.40,19.35,17.00,18.05,14.71,"4,045","Jun 09, 2008"
06-06-2008,18.60,19.20,18.40,18.40,15.00,"1,271","Jun 06, 2008"
05-06-2008,19.85,19.85,18.00,18.45,15.04,"58,216","Jun 05, 2008"
04-06-2008,18.20,18.75,18.20,18.70,15.24,858,"Jun 04, 2008"
03-06-2008,18.30,19.90,18.30,18.60,15.16,"2,734","Jun 03, 2008"
02-06-2008,19.15,19.95,19.00,19.00,15.49,"2,711","Jun 02, 2008"
30-05-2008,19.20,19.90,19.20,19.25,15.69,"4,299","May 30, 2008"
29-05-2008,19.95,20.20,19.40,19.50,15.89,"4,342","May 29, 2008"
28-05-2008,19.05,19.95,19.05,19.95,16.26,727,"May 28, 2008"
27-05-2008,19.80,20.00,19.50,19.55,15.94,"1,864","May 27, 2008"
26-05-2008,19.35,19.55,19.15,19.35,15.77,"3,855","May 26, 2008"
23-05-2008,19.15,20.30,19.15,20.10,16.38,"1,402","May 23, 2008"
22-05-2008,19.60,20.70,19.60,20.05,16.34,"7,063","May 22, 2008"
21-05-2008,20.25,20.40,20.15,20.20,16.47,"1,200","May 21, 2008"
20-05-2008,19.20,20.60,19.15,19.75,16.10,"4,372","May 20, 2008"
16-05-2008,20.25,20.60,20.00,20.40,16.63,"16,722","May 16, 2008"
15-05-2008,20.25,20.75,19.70,19.85,16.18,"6,648","May 15, 2008"
14-05-2008,19.60,20.05,19.60,19.90,16.22,"5,421","May 14, 2008"
13-05-2008,19.30,19.85,19.15,19.60,15.98,"3,124","May 13, 2008"
12-05-2008,19.80,19.85,19.00,19.45,15.85,"7,609","May 12, 2008"
09-05-2008,21.45,21.45,19.80,20.30,16.55,"16,180","May 09, 2008"
08-05-2008,21.60,21.60,19.75,20.35,16.59,"6,202","May 08, 2008"
07-05-2008,20.95,20.95,20.15,20.60,16.79,"8,261","May 07, 2008"
06-05-2008,21.40,21.65,20.00,20.35,16.59,"18,424","May 06, 2008"
05-05-2008,20.95,21.40,20.65,21.40,17.44,"1,915","May 05, 2008"
02-05-2008,20.60,21.20,20.60,21.20,17.28,295,"May 02, 2008"
30-04-2008,20.95,21.80,20.15,21.15,17.24,"2,810","Apr 30, 2008"
29-04-2008,21.95,21.95,20.70,21.10,17.20,"1,617","Apr 29, 2008"
28-04-2008,21.55,21.55,20.50,21.40,17.44,"2,878","Apr 28, 2008"
25-04-2008,21.90,22.00,20.50,20.55,16.75,"5,850","Apr 25, 2008"
24-04-2008,21.80,22.10,21.30,21.50,17.52,"4,517","Apr 24, 2008"
23-04-2008,21.30,21.60,21.05,21.50,17.52,"4,603","Apr 23, 2008"
22-04-2008,21.00,21.45,20.40,21.00,17.12,"12,484","Apr 22, 2008"
21-04-2008,22.30,22.30,20.30,21.15,17.24,"6,416","Apr 21, 2008"
17-04-2008,20.00,20.30,19.70,20.10,16.38,"2,852","Apr 17, 2008"
16-04-2008,19.30,20.35,19.20,19.90,16.22,"11,010","Apr 16, 2008"
15-04-2008,19.25,19.35,19.10,19.30,15.73,"3,020","Apr 15, 2008"
11-04-2008,19.05,19.45,19.05,19.35,15.77,"3,421","Apr 11, 2008"
10-04-2008,19.10,19.50,18.90,19.10,15.57,"2,182","Apr 10, 2008"
09-04-2008,19.25,19.35,18.05,18.80,15.32,"1,407","Apr 09, 2008"
08-04-2008,18.50,19.00,18.50,19.00,15.49,970,"Apr 08, 2008"
07-04-2008,18.75,19.80,18.75,19.50,15.89,"3,893","Apr 07, 2008"
04-04-2008,18.35,19.65,18.30,19.00,15.49,"1,769","Apr 04, 2008"
03-04-2008,19.45,19.50,18.50,18.85,15.36,"2,900","Apr 03, 2008"
02-04-2008,19.00,19.45,18.95,18.95,15.45,"43,601","Apr 02, 2008"
01-04-2008,19.00,19.40,18.55,18.70,15.24,"2,020","Apr 01, 2008"
31-03-2008,19.80,19.80,18.10,18.85,15.36,"1,831","Mar 31, 2008"
28-03-2008,18.00,18.95,18.00,18.80,15.32,"12,874","Mar 28, 2008"
27-03-2008,16.55,18.40,16.55,18.35,14.96,"8,654","Mar 27, 2008"
26-03-2008,17.20,18.55,17.20,18.20,14.83,"6,776","Mar 26, 2008"
25-03-2008,17.70,18.10,17.30,17.85,14.55,"12,917","Mar 25, 2008"
24-03-2008,18.00,18.00,16.80,16.90,13.78,"6,560","Mar 24, 2008"
19-03-2008,18.70,18.70,17.00,17.30,14.10,"4,515","Mar 19, 2008"
18-03-2008,17.00,17.50,16.55,17.50,14.26,"7,533","Mar 18, 2008"
17-03-2008,18.00,18.00,16.55,16.90,13.78,"11,558","Mar 17, 2008"
14-03-2008,18.90,19.30,18.60,19.05,15.53,"5,286","Mar 14, 2008"
13-03-2008,19.00,19.40,18.80,19.00,15.49,"4,681","Mar 13, 2008"
12-03-2008,19.50,20.70,18.90,19.05,15.53,"15,808","Mar 12, 2008"
11-03-2008,18.70,19.65,18.70,19.45,15.85,"7,690","Mar 11, 2008"
10-03-2008,18.00,18.60,17.75,18.50,15.08,"11,460","Mar 10, 2008"
07-03-2008,18.15,19.95,18.15,19.15,15.61,"10,214","Mar 07, 2008"
05-03-2008,20.20,20.80,20.00,20.30,16.55,"2,425","Mar 05, 2008"
04-03-2008,19.80,21.35,19.20,20.65,16.83,"6,839","Mar 04, 2008"
03-03-2008,20.80,20.80,20.00,20.10,16.38,"7,482","Mar 03, 2008"
29-02-2008,21.20,21.25,20.50,20.70,16.87,"22,543","Feb 29, 2008"
28-02-2008,23.50,23.50,20.70,20.90,17.04,"11,725","Feb 28, 2008"
27-02-2008,22.00,22.15,21.75,21.80,17.77,"4,737","Feb 27, 2008"
26-02-2008,21.50,22.10,21.50,21.90,17.85,"3,369","Feb 26, 2008"
25-02-2008,21.15,22.50,20.90,21.85,17.81,"6,021","Feb 25, 2008"
22-02-2008,21.50,21.95,21.40,21.80,17.77,"3,557","Feb 22, 2008"
21-02-2008,22.00,22.45,21.25,21.95,17.89,"6,825","Feb 21, 2008"
20-02-2008,21.05,23.45,21.00,21.30,17.36,"3,822","Feb 20, 2008"
19-02-2008,21.90,22.45,21.40,21.65,17.65,"8,495","Feb 19, 2008"
18-02-2008,19.00,22.00,19.00,21.65,17.65,"5,140","Feb 18, 2008"
15-02-2008,20.60,21.50,20.60,21.25,17.32,"2,887","Feb 15, 2008"
14-02-2008,21.00,21.65,20.80,20.90,17.04,"8,081","Feb 14, 2008"
13-02-2008,22.95,22.95,20.25,20.40,16.63,"118,198","Feb 13, 2008"
12-02-2008,22.85,22.85,20.00,20.40,16.63,"9,024","Feb 12, 2008"
11-02-2008,21.60,22.00,21.25,21.25,17.32,"18,281","Feb 11, 2008"
08-02-2008,23.75,23.75,21.50,21.85,17.81,"9,666","Feb 08, 2008"
07-02-2008,22.40,23.80,22.30,23.05,18.79,"10,668","Feb 07, 2008"
06-02-2008,23.45,23.45,22.25,22.65,18.46,"7,640","Feb 06, 2008"
05-02-2008,22.60,23.80,22.60,23.00,18.75,"54,635","Feb 05, 2008"
04-02-2008,23.95,23.95,22.60,22.95,18.71,"7,854","Feb 04, 2008"
01-02-2008,20.75,23.90,20.75,21.80,17.77,"8,404","Feb 01, 2008"
31-01-2008,20.70,22.35,20.70,22.35,18.22,"4,386","Jan 31, 2008"
30-01-2008,23.40,23.40,21.75,22.00,17.93,"3,040","Jan 30, 2008"
29-01-2008,21.90,22.75,21.60,21.95,17.89,"9,202","Jan 29, 2008"
28-01-2008,22.05,22.95,21.30,22.05,17.97,"5,130","Jan 28, 2008"
25-01-2008,21.70,22.70,20.50,21.95,17.89,"11,709","Jan 25, 2008"
24-01-2008,22.00,23.75,20.80,21.05,17.16,"6,448","Jan 24, 2008"
23-01-2008,18.00,22.75,18.00,22.00,17.93,"21,295","Jan 23, 2008"
22-01-2008,17.00,22.90,17.00,18.75,15.28,"6,638","Jan 22, 2008"
21-01-2008,25.90,25.90,20.40,21.95,17.89,"35,546","Jan 21, 2008"
18-01-2008,28.25,28.90,25.00,25.35,20.66,"18,313","Jan 18, 2008"
17-01-2008,28.50,28.85,27.25,28.15,22.95,"15,194","Jan 17, 2008"
16-01-2008,25.70,28.55,25.70,28.00,22.82,"13,468","Jan 16, 2008"
15-01-2008,30.35,30.35,28.40,28.70,23.39,"12,635","Jan 15, 2008"
14-01-2008,27.55,31.00,26.55,29.70,24.21,"19,360","Jan 14, 2008"
11-01-2008,26.25,28.80,26.05,27.40,22.33,"24,818","Jan 11, 2008"
10-01-2008,30.00,30.00,27.55,27.70,22.58,"16,326","Jan 10, 2008"
09-01-2008,27.10,30.25,27.00,28.70,23.39,"21,808","Jan 09, 2008"
08-01-2008,32.05,33.45,29.20,30.00,24.45,"33,984","Jan 08, 2008"
07-01-2008,31.00,33.75,31.00,32.20,26.25,"25,125","Jan 07, 2008"
04-01-2008,35.00,35.45,33.25,33.60,27.39,"47,579","Jan 04, 2008"
03-01-2008,34.80,37.00,33.00,34.60,28.20,"106,161","Jan 03, 2008"
02-01-2008,35.90,38.05,32.00,34.85,28.41,"85,642","Jan 02, 2008"
01-01-2008,34.45,36.90,33.00,35.05,28.57,"188,972","Jan 01, 2008"
31-12-2007,29.90,34.65,29.90,33.90,27.63,"249,622","Dec 31, 2007"
28-12-2007,29.20,29.80,28.15,28.85,23.52,"19,833","Dec 28, 2007"
27-12-2007,29.50,30.10,28.75,29.10,23.72,"29,657","Dec 27, 2007"
26-12-2007,28.50,29.50,27.55,28.80,23.47,"31,346","Dec 26, 2007"
24-12-2007,27.05,29.85,27.05,28.60,23.31,"18,833","Dec 24, 2007"
20-12-2007,29.90,30.70,28.25,28.80,23.47,"69,138","Dec 20, 2007"
19-12-2007,26.60,30.00,26.60,28.95,23.60,"75,262","Dec 19, 2007"
18-12-2007,28.95,29.50,26.50,27.60,22.50,"27,700","Dec 18, 2007"
17-12-2007,27.80,32.00,27.80,28.65,23.35,"315,300","Dec 17, 2007"
14-12-2007,26.50,26.80,26.10,26.65,21.72,"42,451","Dec 14, 2007"
13-12-2007,25.15,26.90,25.15,26.85,21.89,"29,400","Dec 13, 2007"
12-12-2007,25.10,26.45,25.00,25.45,20.74,"18,773","Dec 12, 2007"
11-12-2007,26.25,28.00,25.15,25.65,20.91,"53,282","Dec 11, 2007"
10-12-2007,24.00,25.50,23.25,25.10,20.46,"40,955","Dec 10, 2007"
07-12-2007,25.40,25.40,23.80,24.05,19.60,"13,658","Dec 07, 2007"
06-12-2007,25.00,25.50,19.00,24.75,20.17,"115,248","Dec 06, 2007"
05-12-2007,23.00,23.60,22.30,23.35,19.03,"15,106","Dec 05, 2007"
04-12-2007,23.00,23.50,22.00,22.85,18.63,"10,468","Dec 04, 2007"
03-12-2007,24.80,24.80,22.00,22.55,18.38,"30,848","Dec 03, 2007"
30-11-2007,22.75,24.00,21.65,23.45,19.11,"58,855","Nov 30, 2007"
29-11-2007,21.45,21.45,20.60,20.60,16.79,"4,800","Nov 29, 2007"
28-11-2007,21.05,21.90,21.05,21.45,17.48,"2,882","Nov 28, 2007"
27-11-2007,21.90,21.90,20.75,21.50,17.52,"6,780","Nov 27, 2007"
26-11-2007,21.00,21.50,21.00,21.45,17.48,"1,600","Nov 26, 2007"
23-11-2007,22.55,22.55,21.00,21.00,17.12,"2,900","Nov 23, 2007"
22-11-2007,22.35,22.35,20.70,21.00,17.12,"12,300","Nov 22, 2007"
21-11-2007,21.50,23.30,21.00,21.15,17.24,"23,600","Nov 21, 2007"
20-11-2007,22.00,23.35,18.10,22.05,17.97,"52,700","Nov 20, 2007"
19-11-2007,23.00,23.75,21.60,22.10,18.01,"9,200","Nov 19, 2007"
16-11-2007,21.60,23.60,21.60,22.30,18.18,"11,593","Nov 16, 2007"
15-11-2007,25.00,25.00,22.00,22.40,18.26,"33,248","Nov 15, 2007"
14-11-2007,20.50,23.05,20.45,23.05,18.79,"117,800","Nov 14, 2007"
13-11-2007,19.95,19.95,19.15,19.20,15.65,"11,353","Nov 13, 2007"
12-11-2007,18.90,19.85,18.90,19.30,15.73,"3,779","Nov 12, 2007"
08-11-2007,19.10,19.60,19.00,19.30,15.73,"3,300","Nov 08, 2007"
07-11-2007,18.55,19.80,18.50,19.15,15.61,"5,450","Nov 07, 2007"
06-11-2007,20.20,20.20,19.30,19.30,15.73,"2,800","Nov 06, 2007"
05-11-2007,19.25,20.40,19.20,19.40,15.81,"6,240","Nov 05, 2007"
02-11-2007,19.30,20.25,19.30,19.65,16.02,"8,123","Nov 02, 2007"
01-11-2007,19.15,20.80,18.95,20.15,16.42,"17,131","Nov 01, 2007"
31-10-2007,21.00,21.00,18.90,19.05,15.53,"3,900","Oct 31, 2007"
30-10-2007,18.90,19.35,18.90,19.10,15.57,"8,746","Oct 30, 2007"
29-10-2007,19.50,19.95,19.00,19.10,15.57,"7,300","Oct 29, 2007"
26-10-2007,20.00,20.00,19.15,19.25,15.69,"6,600","Oct 26, 2007"
25-10-2007,19.40,19.40,19.00,19.25,15.69,"12,375","Oct 25, 2007"
24-10-2007,19.50,19.90,19.30,19.35,15.77,"2,679","Oct 24, 2007"
23-10-2007,19.90,20.10,19.60,19.75,16.10,"3,165","Oct 23, 2007"
22-10-2007,19.95,19.95,19.75,19.75,16.10,"1,173","Oct 22, 2007"
19-10-2007,19.35,19.75,19.00,19.20,15.65,"11,800","Oct 19, 2007"
18-10-2007,20.00,20.40,19.85,20.00,16.30,"7,800","Oct 18, 2007"
17-10-2007,20.00,20.45,19.50,19.95,16.26,"5,032","Oct 17, 2007"
16-10-2007,20.00,20.20,20.00,20.15,16.42,"3,100","Oct 16, 2007"
15-10-2007,20.60,20.70,20.00,20.25,16.51,"14,693","Oct 15, 2007"
12-10-2007,20.00,20.90,20.00,20.45,16.67,"2,400","Oct 12, 2007"
11-10-2007,20.90,21.00,20.45,20.45,16.67,"1,400","Oct 11, 2007"
10-10-2007,20.35,20.95,20.35,20.45,16.67,"3,700","Oct 10, 2007"
09-10-2007,20.00,21.00,20.00,20.90,17.04,"15,200","Oct 09, 2007"
08-10-2007,20.35,20.50,20.10,20.30,16.55,"4,200","Oct 08, 2007"
05-10-2007,20.90,20.90,20.65,20.75,16.91,"1,900","Oct 05, 2007"
04-10-2007,21.80,21.80,20.55,20.90,17.04,"6,200","Oct 04, 2007"
03-10-2007,22.30,22.35,21.50,21.60,17.61,"6,800","Oct 03, 2007"
01-10-2007,21.65,22.20,21.00,21.65,17.65,"9,830","Oct 01, 2007"
28-09-2007,22.00,22.20,21.80,22.10,18.01,"4,900","Sep 28, 2007"
27-09-2007,21.00,22.40,21.00,22.15,18.05,"11,540","Sep 27, 2007"
26-09-2007,22.60,22.60,22.00,22.30,18.18,"47,495","Sep 26, 2007"
25-09-2007,21.20,22.60,21.20,22.50,18.34,"10,100","Sep 25, 2007"
24-09-2007,22.70,22.70,21.00,21.80,17.77,"8,800","Sep 24, 2007"
21-09-2007,23.40,23.40,21.50,22.00,17.93,"5,900","Sep 21, 2007"
20-09-2007,22.35,22.80,22.05,22.10,18.01,"2,500","Sep 20, 2007"
19-09-2007,23.90,24.30,22.45,22.75,18.54,"6,124","Sep 19, 2007"
18-09-2007,22.20,22.95,22.05,22.50,18.34,"6,126","Sep 18, 2007"
18-09-2007,1 Dividend,,,,,,"Sep 18, 2007"
17-09-2007,23.90,23.90,22.80,23.20,18.10,"18,198","Sep 17, 2007"
14-09-2007,23.00,23.40,22.95,23.00,17.94,"19,300","Sep 14, 2007"
13-09-2007,22.50,23.60,22.50,23.05,17.98,"9,800","Sep 13, 2007"
12-09-2007,23.50,23.80,22.90,23.20,18.10,"9,503","Sep 12, 2007"
11-09-2007,23.95,23.95,22.00,22.85,17.82,"11,960","Sep 11, 2007"
10-09-2007,24.60,24.60,22.60,22.90,17.86,"9,785","Sep 10, 2007"
07-09-2007,23.90,23.90,22.20,23.05,17.98,"12,037","Sep 07, 2007"
06-09-2007,22.15,22.50,22.00,22.30,17.39,"4,700","Sep 06, 2007"
05-09-2007,22.30,22.85,21.80,21.95,17.12,"9,649","Sep 05, 2007"
04-09-2007,22.20,22.50,21.60,21.90,17.08,"7,100","Sep 04, 2007"
03-09-2007,21.05,21.70,21.05,21.45,16.73,"3,708","Sep 03, 2007"
31-08-2007,21.65,21.85,21.00,21.40,16.69,"3,000","Aug 31, 2007"
30-08-2007,19.70,21.00,19.70,20.90,16.30,"7,697","Aug 30, 2007"
29-08-2007,20.15,20.25,19.85,20.10,15.68,"4,785","Aug 29, 2007"
28-08-2007,20.15,20.30,19.90,20.30,15.83,"1,500","Aug 28, 2007"
27-08-2007,20.30,20.30,19.80,19.90,15.52,"2,400","Aug 27, 2007"
24-08-2007,19.95,20.00,19.70,19.90,15.52,"1,191","Aug 24, 2007"
23-08-2007,19.25,20.10,19.25,19.65,15.33,"2,200","Aug 23, 2007"
22-08-2007,19.75,20.00,19.30,19.35,15.09,"4,900","Aug 22, 2007"
21-08-2007,20.05,20.50,19.50,19.60,15.29,"6,726","Aug 21, 2007"
20-08-2007,20.40,20.60,20.20,20.50,15.99,"2,900","Aug 20, 2007"
17-08-2007,19.90,20.70,19.90,20.25,15.79,"9,013","Aug 17, 2007"
16-08-2007,20.75,20.95,19.80,19.95,15.56,"18,013","Aug 16, 2007"
14-08-2007,20.60,20.75,20.35,20.60,16.07,"7,461","Aug 14, 2007"
13-08-2007,20.25,20.95,20.25,20.60,16.07,"1,300","Aug 13, 2007"
10-08-2007,19.95,21.00,19.95,20.65,16.11,"8,800","Aug 10, 2007"
09-08-2007,20.80,21.70,20.55,20.95,16.34,"25,700","Aug 09, 2007"
08-08-2007,19.50,20.40,19.50,19.70,15.37,"12,400","Aug 08, 2007"
07-08-2007,20.90,20.90,19.60,19.85,15.48,"5,000","Aug 07, 2007"
06-08-2007,20.50,20.50,20.00,20.10,15.68,"3,800","Aug 06, 2007"
03-08-2007,21.20,21.35,20.60,20.95,16.34,"2,702","Aug 03, 2007"
02-08-2007,20.80,21.95,20.50,21.00,16.38,"10,800","Aug 02, 2007"
01-08-2007,21.00,21.70,20.80,21.70,16.93,"2,290","Aug 01, 2007"
31-07-2007,21.10,22.00,21.05,21.70,16.93,"3,100","Jul 31, 2007"
30-07-2007,21.50,22.10,21.20,21.20,16.54,"2,500","Jul 30, 2007"
27-07-2007,22.50,22.50,21.00,21.30,16.61,"10,600","Jul 27, 2007"
26-07-2007,22.00,22.45,22.00,22.45,17.51,"2,500","Jul 26, 2007"
25-07-2007,22.10,22.70,21.70,22.20,17.32,"2,300","Jul 25, 2007"
24-07-2007,21.75,22.85,21.75,22.70,17.71,"8,200","Jul 24, 2007"
23-07-2007,21.85,23.00,21.85,22.90,17.86,"2,900","Jul 23, 2007"
20-07-2007,23.40,23.40,22.85,23.25,18.13,"2,900","Jul 20, 2007"
19-07-2007,23.40,23.65,22.65,23.15,18.06,"2,800","Jul 19, 2007"
18-07-2007,22.75,23.00,22.75,23.00,17.94,"1,200","Jul 18, 2007"
17-07-2007,23.25,23.50,23.00,23.20,18.10,"9,400","Jul 17, 2007"
16-07-2007,23.25,23.75,23.25,23.50,18.33,"3,900","Jul 16, 2007"
13-07-2007,23.40,23.80,23.35,23.50,18.33,"3,800","Jul 13, 2007"
12-07-2007,23.55,24.00,23.30,23.70,18.49,"11,000","Jul 12, 2007"
11-07-2007,23.75,23.95,23.00,23.65,18.45,"6,200","Jul 11, 2007"
10-07-2007,24.00,24.35,23.30,23.70,18.49,"7,200","Jul 10, 2007"
09-07-2007,23.85,24.85,23.85,24.15,18.84,"18,000","Jul 09, 2007"
06-07-2007,23.60,23.95,23.20,23.60,18.41,"8,100","Jul 06, 2007"
05-07-2007,23.35,23.80,23.35,23.70,18.49,"1,000","Jul 05, 2007"
04-07-2007,23.00,24.55,23.00,24.25,18.91,"13,300","Jul 04, 2007"
03-07-2007,23.40,23.60,23.00,23.35,18.21,"7,000","Jul 03, 2007"
02-07-2007,23.20,24.50,23.20,23.90,18.64,"4,400","Jul 02, 2007"
29-06-2007,23.60,24.15,23.60,23.70,18.49,"2,000","Jun 29, 2007"
28-06-2007,23.75,24.00,23.15,23.80,18.56,"3,300","Jun 28, 2007"
27-06-2007,25.05,25.05,23.50,23.70,18.49,"19,100","Jun 27, 2007"
26-06-2007,23.50,23.90,23.50,23.90,18.64,"3,900","Jun 26, 2007"
25-06-2007,22.30,23.25,21.85,22.75,17.74,"10,900","Jun 25, 2007"
22-06-2007,22.20,22.90,22.20,22.75,17.74,"11,800","Jun 22, 2007"
21-06-2007,21.50,22.20,21.50,21.85,17.04,"1,700","Jun 21, 2007"
20-06-2007,21.60,22.00,21.60,21.60,16.85,700,"Jun 20, 2007"
19-06-2007,21.05,21.60,21.05,21.30,16.61,"4,900","Jun 19, 2007"
18-06-2007,21.95,22.15,21.50,21.65,16.89,"2,000","Jun 18, 2007"
15-06-2007,21.60,22.00,21.60,21.85,17.04,"1,800","Jun 15, 2007"
14-06-2007,21.20,22.75,21.15,22.40,17.47,"5,700","Jun 14, 2007"
13-06-2007,21.65,21.95,21.35,21.75,16.96,"2,500","Jun 13, 2007"
12-06-2007,22.25,22.30,21.30,21.95,17.12,"7,200","Jun 12, 2007"
11-06-2007,22.10,22.70,22.10,22.20,17.32,"6,246","Jun 11, 2007"
08-06-2007,21.65,23.05,21.65,22.90,17.86,"2,611","Jun 08, 2007"
07-06-2007,23.10,23.15,21.70,22.15,17.28,"3,700","Jun 07, 2007"
06-06-2007,22.45,22.60,22.35,22.35,17.43,"1,300","Jun 06, 2007"
05-06-2007,22.50,23.50,22.00,22.30,17.39,"3,700","Jun 05, 2007"
04-06-2007,22.50,23.00,21.85,22.85,17.82,"3,300","Jun 04, 2007"
01-06-2007,22.00,22.45,22.00,22.40,17.47,"2,250","Jun 01, 2007"
31-05-2007,22.50,22.50,22.05,22.50,17.55,"1,000","May 31, 2007"
30-05-2007,22.90,22.90,22.05,22.20,17.32,"7,100","May 30, 2007"
29-05-2007,22.75,22.90,22.30,22.55,17.59,"2,500","May 29, 2007"
28-05-2007,22.80,23.40,22.30,23.25,18.13,"3,400","May 28, 2007"
25-05-2007,22.95,23.25,22.65,22.90,17.86,950,"May 25, 2007"
24-05-2007,22.75,23.00,22.75,23.00,17.94,"2,800","May 24, 2007"
23-05-2007,22.95,22.95,22.75,22.85,17.82,350,"May 23, 2007"
22-05-2007,22.65,24.00,22.60,23.45,18.29,"4,200","May 22, 2007"
21-05-2007,23.00,23.45,23.00,23.45,18.29,"6,500","May 21, 2007"
18-05-2007,22.10,22.75,21.90,22.30,17.39,"3,100","May 18, 2007"
17-05-2007,22.95,22.95,22.00,22.10,17.24,"8,200","May 17, 2007"
16-05-2007,22.90,23.35,22.00,22.00,17.16,"8,800","May 16, 2007"
15-05-2007,23.00,23.00,21.80,22.20,17.32,"6,300","May 15, 2007"
14-05-2007,22.80,23.65,22.75,22.90,17.86,"6,400","May 14, 2007"
11-05-2007,23.50,23.50,23.20,23.20,18.10,"1,300","May 11, 2007"
10-05-2007,23.45,23.70,23.05,23.15,18.06,"1,600","May 10, 2007"
09-05-2007,23.05,23.55,23.00,23.55,18.37,"5,100","May 09, 2007"
08-05-2007,23.45,23.75,23.40,23.50,18.33,"2,000","May 08, 2007"
07-05-2007,23.15,24.30,23.15,23.40,18.25,"1,900","May 07, 2007"
04-05-2007,23.65,23.95,23.50,23.55,18.37,"2,600","May 04, 2007"
03-05-2007,24.75,24.75,23.65,23.75,18.52,"3,200","May 03, 2007"
30-04-2007,23.00,24.00,23.00,23.90,18.64,"2,100","Apr 30, 2007"
27-04-2007,23.00,24.45,23.00,24.00,18.72,"3,000","Apr 27, 2007"
26-04-2007,22.70,24.30,22.70,24.00,18.72,"1,900","Apr 26, 2007"
25-04-2007,22.75,23.90,22.75,23.90,18.64,"2,900","Apr 25, 2007"
24-04-2007,23.50,23.90,22.75,23.50,18.33,"3,100","Apr 24, 2007"
23-04-2007,23.80,23.80,23.50,23.55,18.37,"1,600","Apr 23, 2007"
20-04-2007,23.50,24.20,23.50,23.65,18.45,"6,300","Apr 20, 2007"
19-04-2007,24.70,24.70,24.10,24.20,18.88,"1,200","Apr 19, 2007"
18-04-2007,23.80,24.45,23.80,24.05,18.76,"1,500","Apr 18, 2007"
17-04-2007,24.75,24.75,24.15,24.50,19.11,"1,088","Apr 17, 2007"
16-04-2007,24.85,25.10,24.15,24.35,18.99,"4,500","Apr 16, 2007"
13-04-2007,24.00,24.60,24.00,24.55,19.15,955,"Apr 13, 2007"
12-04-2007,24.45,24.45,24.00,24.00,18.72,"1,375","Apr 12, 2007"
11-04-2007,24.90,25.00,24.25,24.25,18.91,"8,600","Apr 11, 2007"
10-04-2007,24.95,25.25,24.05,24.10,18.80,"5,700","Apr 10, 2007"
09-04-2007,24.20,24.85,24.00,24.30,18.95,"1,100","Apr 09, 2007"
05-04-2007,24.00,24.40,23.75,23.90,18.64,851,"Apr 05, 2007"
04-04-2007,23.55,24.00,23.30,23.50,18.33,"1,100","Apr 04, 2007"
03-04-2007,24.40,24.40,23.10,23.30,18.17,"2,800","Apr 03, 2007"
02-04-2007,23.25,23.50,23.25,23.40,18.25,665,"Apr 02, 2007"
30-03-2007,24.30,24.30,23.50,24.20,18.88,"4,500","Mar 30, 2007"
29-03-2007,22.90,23.15,22.90,23.15,18.06,400,"Mar 29, 2007"
28-03-2007,23.25,23.60,22.85,22.85,17.82,"1,700","Mar 28, 2007"
26-03-2007,23.30,24.40,23.30,24.00,18.72,"3,500","Mar 26, 2007"
23-03-2007,24.00,24.90,23.75,23.75,18.52,"7,600","Mar 23, 2007"
22-03-2007,24.50,24.65,23.50,24.00,18.72,"3,001","Mar 22, 2007"
21-03-2007,24.20,24.20,23.60,24.00,18.72,"1,800","Mar 21, 2007"
20-03-2007,24.00,24.30,23.35,24.05,18.76,"3,500","Mar 20, 2007"
19-03-2007,23.65,24.25,23.10,23.75,18.52,"2,452","Mar 19, 2007"
16-03-2007,23.10,23.85,22.90,23.75,18.52,"6,900","Mar 16, 2007"
15-03-2007,25.05,25.60,24.00,24.05,18.76,"4,300","Mar 15, 2007"
14-03-2007,24.65,25.50,24.60,25.00,19.50,"37,400","Mar 14, 2007"
13-03-2007,25.00,26.00,24.10,25.80,20.12,"2,300","Mar 13, 2007"
12-03-2007,26.00,26.30,24.60,24.75,19.30,"2,300","Mar 12, 2007"
09-03-2007,24.65,26.25,24.65,25.10,19.58,"6,700","Mar 09, 2007"
08-03-2007,24.00,25.75,24.00,25.30,19.73,"10,300","Mar 08, 2007"
07-03-2007,25.30,25.50,25.25,25.25,19.69,"3,200","Mar 07, 2007"
06-03-2007,27.95,28.00,26.55,26.55,20.71,"17,200","Mar 06, 2007"
05-03-2007,28.70,28.70,27.95,27.95,21.80,"1,095","Mar 05, 2007"
02-03-2007,30.85,30.90,29.25,29.40,22.93,"9,301","Mar 02, 2007"
01-03-2007,28.00,30.80,27.50,30.50,23.79,"55,300","Mar 01, 2007"
28-02-2007,28.55,29.70,28.35,28.75,22.42,"33,034","Feb 28, 2007"
27-02-2007,29.05,32.00,28.55,31.50,24.57,"127,600","Feb 27, 2007"
27-02-2007,1 Dividend,,,,,,"Feb 27, 2007"
26-02-2007,29.05,31.25,28.10,30.60,23.09,"52,100","Feb 26, 2007"
23-02-2007,31.05,31.05,28.10,28.55,21.54,"72,700","Feb 23, 2007"
22-02-2007,31.00,34.45,29.30,30.15,22.75,"539,939","Feb 22, 2007"
